# relative_time, cycles_done, cur_item, corpus_count, pending_total, pending_favs, map_size, saved_crashes, saved_hangs, max_depth, execs_per_sec, total_execs, edges_found
60, 0, 82, 263, 226, 31, 0.02%, 0, 0, 2, 107.97, 7162, 1575
65, 0, 82, 269, 232, 31, 0.02%, 0, 0, 2, 100.66, 7666, 1583
70, 0, 82, 276, 239, 31, 0.02%, 0, 0, 2, 103.66, 8201, 1585
75, 0, 82, 284, 247, 31, 0.02%, 0, 0, 2, 105.45, 8729, 1589
80, 0, 82, 288, 251, 31, 0.02%, 0, 0, 2, 110.63, 9285, 1589
85, 0, 82, 292, 255, 31, 0.02%, 0, 0, 2, 111.49, 9861, 1602
91, 0, 82, 293, 256, 31, 0.02%, 0, 0, 2, 107.10, 10412, 1603
96, 0, 82, 299, 262, 31, 0.02%, 0, 0, 2, 99.88, 10910, 1607
101, 0, 82, 302, 265, 31, 0.02%, 0, 0, 2, 102.55, 11437, 1607
106, 0, 82, 310, 273, 31, 0.02%, 0, 0, 2, 97.60, 11912, 1617
111, 0, 82, 312, 275, 31, 0.02%, 0, 0, 2, 97.67, 12418, 1617
116, 0, 82, 313, 276, 31, 0.02%, 0, 0, 2, 93.42, 12888, 1617
121, 0, 82, 319, 282, 31, 0.02%, 0, 0, 2, 90.04, 13348, 1619
126, 0, 82, 323, 286, 31, 0.02%, 0, 0, 2, 89.62, 13791, 1620
131, 0, 82, 324, 287, 31, 0.02%, 0, 0, 2, 91.81, 14263, 1620
137, 0, 82, 324, 287, 31, 0.02%, 0, 0, 2, 88.06, 14709, 1620
142, 0, 82, 326, 289, 31, 0.02%, 0, 0, 2, 96.46, 15208, 1621
147, 0, 82, 330, 293, 31, 0.02%, 0, 0, 2, 97.99, 15700, 1625
152, 0, 82, 332, 295, 31, 0.02%, 0, 0, 2, 98.48, 16198, 1626
157, 0, 82, 332, 295, 31, 0.02%, 1, 0, 2, 97.19, 16699, 1626
162, 0, 82, 335, 298, 31, 0.02%, 1, 0, 2, 96.05, 17192, 1629
167, 0, 82, 335, 298, 31, 0.02%, 1, 0, 2, 97.16, 17691, 1629
172, 0, 82, 338, 301, 31, 0.02%, 1, 0, 2, 94.30, 18172, 1630
177, 0, 82, 339, 302, 31, 0.02%, 1, 0, 2, 91.56, 18636, 1630
182, 0, 82, 340, 303, 31, 0.02%, 1, 0, 2, 93.60, 19119, 1633
188, 0, 82, 342, 305, 31, 0.02%, 1, 0, 2, 84.00, 19548, 1633
193, 0, 82, 343, 306, 31, 0.02%, 1, 0, 2, 90.50, 20015, 1633
198, 0, 82, 344, 307, 31, 0.02%, 1, 0, 2, 90.29, 20474, 1634
203, 0, 82, 344, 307, 31, 0.02%, 1, 0, 2, 87.20, 20918, 1634
208, 0, 82, 345, 308, 31, 0.02%, 1, 0, 2, 87.09, 21364, 1634
213, 0, 82, 345, 308, 31, 0.02%, 1, 0, 2, 91.26, 21834, 1634
218, 0, 82, 345, 308, 31, 0.02%, 1, 0, 2, 92.38, 22309, 1634
224, 0, 82, 345, 308, 31, 0.02%, 1, 0, 2, 86.34, 22752, 1634
229, 0, 82, 345, 308, 31, 0.02%, 1, 0, 2, 83.27, 23185, 1634
234, 0, 82, 345, 308, 31, 0.02%, 1, 0, 2, 77.07, 23570, 1634
239, 0, 82, 346, 309, 31, 0.02%, 1, 0, 2, 80.05, 23991, 1634
244, 0, 82, 347, 310, 31, 0.02%, 1, 0, 2, 81.09, 24412, 1634
249, 0, 82, 348, 311, 31, 0.02%, 1, 0, 2, 85.80, 24848, 1638
254, 0, 82, 348, 311, 31, 0.02%, 1, 0, 2, 86.32, 25295, 1638
259, 0, 82, 350, 313, 31, 0.02%, 1, 0, 2, 85.63, 25730, 1639
264, 0, 82, 351, 314, 31, 0.02%, 1, 0, 2, 83.19, 26155, 1641
270, 0, 82, 351, 314, 31, 0.02%, 1, 0, 2, 78.51, 26545, 1641
275, 0, 82, 351, 314, 31, 0.02%, 1, 0, 2, 81.45, 26969, 1641
280, 0, 82, 351, 314, 31, 0.02%, 1, 0, 2, 81.49, 27388, 1641
285, 0, 82, 351, 314, 31, 0.02%, 1, 0, 2, 78.40, 27786, 1641
290, 0, 82, 352, 315, 31, 0.02%, 1, 0, 2, 81.66, 28214, 1643
295, 0, 82, 362, 325, 31, 0.02%, 1, 0, 2, 85.44, 28646, 1648
300, 0, 82, 366, 329, 31, 0.02%, 1, 0, 2, 88.22, 29096, 1651
306, 0, 82, 373, 336, 31, 0.02%, 1, 0, 2, 86.05, 29531, 1662
311, 0, 82, 379, 342, 31, 0.02%, 1, 0, 2, 92.70, 30001, 1666
316, 0, 82, 382, 345, 31, 0.02%, 1, 0, 2, 91.41, 30462, 1668
321, 0, 82, 387, 350, 31, 0.02%, 1, 0, 2, 92.97, 30932, 1684
326, 0, 82, 392, 355, 31, 0.02%, 1, 0, 2, 91.13, 31392, 1685
331, 0, 82, 398, 361, 31, 0.02%, 1, 0, 2, 83.19, 31805, 1686
336, 0, 82, 400, 363, 31, 0.02%, 1, 0, 2, 81.77, 32216, 1687
341, 0, 82, 408, 371, 31, 0.02%, 1, 0, 2, 83.28, 32632, 1692
346, 0, 82, 411, 374, 31, 0.02%, 1, 0, 2, 84.39, 33050, 1693
351, 0, 82, 414, 377, 31, 0.02%, 1, 0, 2, 113.24, 33401, 1701
356, 0, 82, 416, 379, 31, 0.02%, 2, 0, 2, 96.20, 33869, 1701
362, 0, 82, 416, 379, 31, 0.02%, 2, 0, 2, 87.29, 34311, 1701
367, 0, 82, 420, 383, 31, 0.02%, 2, 0, 2, 87.73, 34772, 1702
372, 0, 82, 421, 384, 31, 0.02%, 2, 0, 2, 86.30, 35215, 1702
377, 0, 82, 424, 387, 31, 0.02%, 2, 0, 2, 88.99, 35667, 1702
382, 0, 82, 443, 405, 30, 0.02%, 2, 0, 2, 82.90, 36085, 1713
387, 0, 82, 476, 438, 30, 0.02%, 2, 0, 2, 74.79, 36445, 1731
392, 0, 82, 514, 476, 30, 0.02%, 2, 0, 2, 68.05, 36775, 1750
397, 0, 82, 552, 514, 30, 0.02%, 2, 0, 2, 66.30, 37114, 1767
403, 0, 82, 588, 550, 30, 0.02%, 2, 0, 2, 63.63, 37444, 1810
408, 0, 577, 605, 567, 168, 0.02%, 2, 0, 2, 89.37, 37866, 1816
413, 0, 577, 605, 567, 168, 0.02%, 2, 0, 2, 112.56, 38469, 1816
418, 0, 577, 616, 578, 168, 0.02%, 2, 0, 2, 117.26, 39052, 1822
423, 0, 577, 623, 585, 168, 0.02%, 3, 0, 2, 119.98, 39667, 1826
428, 0, 577, 625, 587, 168, 0.02%, 3, 0, 2, 122.04, 40285, 1828
433, 0, 577, 626, 588, 168, 0.02%, 3, 0, 2, 122.51, 40902, 1829
438, 0, 577, 627, 589, 168, 0.02%, 3, 0, 2, 123.63, 41531, 1830
443, 0, 577, 627, 589, 168, 0.02%, 3, 0, 2, 123.54, 42153, 1830
448, 0, 577, 627, 589, 168, 0.02%, 3, 0, 2, 123.83, 42795, 1830
454, 0, 577, 628, 590, 168, 0.02%, 3, 0, 2, 126.00, 43434, 1831
459, 0, 577, 629, 591, 168, 0.02%, 3, 0, 2, 127.70, 44083, 1832
464, 0, 577, 629, 591, 168, 0.02%, 3, 0, 2, 127.45, 44739, 1832
469, 0, 577, 629, 591, 168, 0.02%, 3, 0, 2, 129.10, 45405, 1832
474, 0, 577, 629, 591, 168, 0.02%, 3, 0, 2, 128.05, 46069, 1832
479, 0, 577, 631, 593, 168, 0.02%, 3, 0, 2, 127.47, 46729, 1833
484, 0, 577, 631, 593, 168, 0.02%, 3, 0, 2, 128.53, 47391, 1833
490, 0, 577, 631, 593, 168, 0.02%, 3, 0, 2, 125.42, 48041, 1833
495, 0, 577, 632, 594, 168, 0.02%, 3, 0, 2, 124.04, 48666, 1834
500, 0, 577, 633, 595, 168, 0.02%, 3, 0, 2, 122.14, 49281, 1834
505, 0, 577, 635, 597, 168, 0.02%, 3, 0, 2, 122.01, 49893, 1834
510, 0, 577, 635, 597, 168, 0.02%, 3, 0, 2, 124.19, 50539, 1834
515, 0, 577, 636, 598, 168, 0.02%, 3, 0, 2, 121.67, 51172, 1835
520, 0, 577, 637, 599, 168, 0.02%, 3, 0, 2, 119.89, 51791, 1835
525, 0, 577, 637, 599, 168, 0.02%, 3, 0, 2, 121.38, 52401, 1835
531, 0, 577, 637, 599, 168, 0.02%, 3, 0, 2, 122.58, 53039, 1835
536, 0, 577, 637, 599, 168, 0.02%, 3, 0, 2, 121.03, 53669, 1835
541, 0, 577, 638, 600, 168, 0.02%, 3, 0, 2, 120.07, 54296, 1835
546, 0, 577, 639, 601, 168, 0.02%, 3, 0, 2, 121.77, 54923, 1836
551, 0, 577, 642, 604, 168, 0.02%, 3, 0, 2, 119.48, 55542, 1837
556, 0, 577, 643, 605, 168, 0.02%, 3, 0, 2, 121.17, 56167, 1838
562, 0, 577, 643, 605, 168, 0.02%, 3, 0, 2, 121.88, 56801, 1838
567, 0, 577, 643, 605, 168, 0.02%, 3, 0, 2, 121.26, 57427, 1838
572, 0, 577, 643, 605, 168, 0.02%, 3, 0, 2, 121.43, 58047, 1838
577, 0, 577, 643, 605, 168, 0.02%, 3, 0, 2, 123.38, 58665, 1838
582, 0, 577, 643, 605, 168, 0.02%, 3, 0, 2, 123.92, 59307, 1838
587, 0, 577, 645, 607, 168, 0.02%, 3, 0, 2, 123.17, 59935, 1840
592, 0, 577, 645, 607, 168, 0.02%, 3, 0, 2, 124.02, 60577, 1840
598, 0, 577, 645, 607, 168, 0.02%, 3, 0, 2, 123.57, 61217, 1840
603, 0, 577, 645, 607, 168, 0.02%, 3, 0, 2, 120.52, 61815, 1840
608, 0, 577, 646, 608, 168, 0.02%, 3, 0, 2, 123.49, 62442, 1840
613, 0, 577, 646, 608, 168, 0.02%, 3, 0, 2, 124.10, 63086, 1840
618, 0, 577, 646, 608, 168, 0.02%, 3, 0, 2, 122.89, 63700, 1840
623, 0, 577, 646, 608, 168, 0.02%, 3, 0, 2, 125.04, 64354, 1840
628, 0, 577, 646, 608, 168, 0.02%, 3, 0, 2, 125.25, 65002, 1840
633, 0, 577, 646, 608, 168, 0.02%, 3, 0, 2, 122.97, 65616, 1840
638, 0, 577, 646, 608, 168, 0.02%, 4, 0, 2, 123.39, 66258, 1840
643, 0, 577, 646, 608, 168, 0.02%, 4, 0, 2, 123.13, 66876, 1840
649, 0, 577, 646, 608, 168, 0.02%, 4, 0, 2, 121.90, 67508, 1840
654, 0, 577, 647, 609, 168, 0.02%, 4, 0, 2, 118.36, 68115, 1840
659, 0, 577, 647, 609, 168, 0.02%, 4, 0, 2, 119.69, 68727, 1840
664, 0, 577, 647, 609, 168, 0.02%, 4, 0, 2, 119.60, 69323, 1840
669, 0, 577, 647, 609, 168, 0.02%, 4, 0, 2, 121.36, 69951, 1840
674, 0, 577, 647, 609, 168, 0.02%, 4, 0, 2, 122.15, 70583, 1840
679, 0, 577, 647, 609, 168, 0.02%, 4, 0, 2, 123.09, 71207, 1840
685, 0, 577, 648, 610, 168, 0.02%, 4, 0, 2, 121.27, 71836, 1840
690, 0, 540, 649, 610, 188, 0.02%, 4, 0, 2, 118.10, 72441, 1840
695, 0, 540, 649, 610, 188, 0.02%, 4, 0, 2, 124.66, 73092, 1840
700, 0, 635, 649, 609, 187, 0.02%, 4, 0, 2, 120.86, 73720, 1840
705, 0, 635, 649, 609, 187, 0.02%, 4, 0, 2, 119.27, 74331, 1840
710, 0, 635, 651, 611, 187, 0.02%, 4, 0, 3, 123.59, 74955, 1842
715, 0, 635, 651, 611, 187, 0.02%, 4, 0, 3, 117.77, 75551, 1842
720, 0, 171, 651, 610, 187, 0.02%, 4, 0, 3, 98.85, 76048, 1842
726, 0, 171, 651, 610, 187, 0.02%, 4, 0, 3, 87.89, 76484, 1842
731, 0, 171, 651, 610, 187, 0.02%, 4, 0, 3, 85.26, 76915, 1842
736, 0, 171, 651, 610, 187, 0.02%, 4, 0, 3, 88.94, 77378, 1842
741, 0, 171, 652, 611, 187, 0.02%, 4, 0, 3, 89.27, 77832, 1842
746, 0, 564, 652, 610, 186, 0.02%, 4, 0, 3, 109.81, 78398, 1842
751, 0, 564, 652, 610, 186, 0.02%, 4, 0, 3, 117.71, 79020, 1842
756, 0, 389, 652, 609, 185, 0.02%, 4, 0, 3, 103.72, 79550, 1842
761, 0, 389, 652, 609, 185, 0.02%, 4, 0, 3, 90.34, 80000, 1842
767, 0, 389, 652, 609, 185, 0.02%, 4, 0, 3, 88.08, 80453, 1842
772, 0, 389, 652, 609, 185, 0.02%, 4, 0, 3, 87.81, 80904, 1842
777, 0, 389, 653, 610, 185, 0.02%, 4, 0, 3, 92.29, 81372, 1844
782, 0, 524, 653, 609, 184, 0.02%, 4, 0, 3, 109.17, 81943, 1844
787, 0, 524, 656, 612, 184, 0.02%, 4, 0, 3, 113.31, 82515, 1845
792, 0, 524, 656, 612, 184, 0.02%, 4, 0, 3, 120.12, 83137, 1845
797, 0, 524, 657, 613, 184, 0.02%, 4, 0, 3, 120.25, 83742, 1845
802, 0, 524, 659, 615, 184, 0.02%, 4, 0, 3, 124.92, 84392, 1845
807, 0, 524, 659, 615, 184, 0.02%, 4, 0, 3, 126.25, 85046, 1845
812, 0, 524, 661, 617, 184, 0.02%, 4, 0, 3, 125.60, 85674, 1845
818, 0, 524, 662, 618, 184, 0.02%, 4, 0, 3, 125.99, 86327, 1845
823, 0, 524, 663, 619, 184, 0.02%, 4, 0, 3, 126.83, 86982, 1845
828, 0, 524, 663, 619, 184, 0.02%, 4, 0, 3, 127.58, 87642, 1845
833, 0, 524, 663, 619, 184, 0.02%, 4, 0, 3, 126.31, 88290, 1845
838, 0, 524, 665, 621, 184, 0.02%, 4, 0, 3, 126.34, 88926, 1846
843, 0, 524, 665, 621, 184, 0.02%, 4, 0, 3, 125.00, 89574, 1846
848, 0, 524, 667, 623, 184, 0.02%, 4, 0, 3, 123.93, 90194, 1846
854, 0, 524, 667, 623, 184, 0.02%, 4, 0, 3, 126.65, 90850, 1846
859, 0, 524, 667, 623, 184, 0.02%, 4, 0, 3, 125.75, 91478, 1846
864, 0, 524, 668, 624, 184, 0.02%, 4, 0, 3, 124.81, 92123, 1846
869, 0, 524, 670, 626, 184, 0.02%, 4, 0, 3, 124.36, 92747, 1846
874, 0, 524, 670, 626, 184, 0.02%, 4, 0, 3, 124.13, 93369, 1846
879, 0, 524, 670, 626, 184, 0.02%, 4, 0, 3, 126.24, 94029, 1846
884, 0, 524, 670, 626, 184, 0.02%, 4, 0, 3, 125.16, 94679, 1846
889, 0, 524, 670, 626, 184, 0.02%, 4, 0, 3, 125.54, 95327, 1846
894, 0, 524, 670, 626, 184, 0.02%, 4, 0, 3, 125.44, 95955, 1846
899, 0, 524, 671, 627, 184, 0.02%, 4, 0, 3, 123.35, 96574, 1846
905, 0, 524, 671, 627, 184, 0.02%, 4, 0, 3, 124.55, 97222, 1846
910, 0, 524, 671, 627, 184, 0.02%, 4, 0, 3, 124.61, 97846, 1846
915, 0, 524, 672, 628, 184, 0.02%, 4, 0, 3, 124.11, 98489, 1846
920, 0, 524, 672, 628, 184, 0.02%, 4, 0, 3, 125.06, 99139, 1846
925, 0, 524, 672, 628, 184, 0.02%, 4, 0, 3, 126.31, 99791, 1846
930, 0, 524, 672, 628, 184, 0.02%, 4, 0, 3, 124.31, 100433, 1846
935, 0, 524, 672, 628, 184, 0.02%, 4, 0, 3, 124.28, 101075, 1846
941, 0, 524, 672, 628, 184, 0.02%, 4, 0, 3, 126.13, 101727, 1846
946, 0, 524, 673, 629, 184, 0.02%, 4, 0, 3, 122.70, 102366, 1846
951, 0, 524, 674, 630, 184, 0.02%, 4, 0, 3, 125.45, 103001, 1846
956, 0, 524, 674, 630, 184, 0.02%, 4, 0, 3, 125.07, 103649, 1846
961, 0, 524, 674, 630, 184, 0.02%, 5, 0, 3, 122.51, 104283, 1846
966, 0, 524, 675, 631, 184, 0.02%, 5, 0, 3, 122.10, 104914, 1846
972, 0, 524, 675, 631, 184, 0.02%, 5, 0, 3, 121.91, 105548, 1846
977, 0, 524, 676, 632, 184, 0.02%, 5, 0, 3, 121.15, 106177, 1846
982, 0, 524, 676, 632, 184, 0.02%, 5, 0, 3, 124.27, 106825, 1846
987, 0, 524, 676, 632, 184, 0.02%, 5, 0, 3, 127.97, 107487, 1846
992, 0, 524, 676, 632, 184, 0.02%, 5, 0, 3, 129.03, 108155, 1846
997, 0, 524, 676, 632, 184, 0.02%, 5, 0, 3, 130.57, 108829, 1846
1003, 0, 524, 676, 632, 184, 0.02%, 5, 0, 3, 129.63, 109493, 1846
1008, 0, 524, 676, 632, 184, 0.02%, 5, 0, 3, 124.89, 110141, 1846
1013, 0, 524, 676, 632, 184, 0.02%, 5, 0, 3, 127.46, 110803, 1846
1018, 0, 524, 677, 633, 184, 0.02%, 5, 0, 3, 125.58, 111450, 1846
1023, 0, 524, 677, 633, 184, 0.02%, 5, 0, 3, 125.58, 112096, 1846
1028, 0, 524, 677, 633, 184, 0.02%, 5, 0, 3, 127.36, 112754, 1846
1034, 0, 524, 677, 633, 184, 0.02%, 5, 0, 3, 124.65, 113398, 1846
1039, 0, 524, 677, 633, 184, 0.02%, 5, 0, 3, 126.84, 114056, 1846
1044, 0, 524, 677, 633, 184, 0.02%, 5, 0, 3, 127.87, 114700, 1846
1049, 0, 524, 677, 633, 184, 0.02%, 5, 0, 3, 126.67, 115352, 1846
1054, 0, 431, 677, 632, 183, 0.02%, 5, 0, 3, 125.64, 115972, 1846
1059, 0, 554, 677, 631, 182, 0.02%, 5, 0, 3, 106.47, 116512, 1846
1064, 0, 554, 677, 631, 182, 0.02%, 5, 0, 3, 92.30, 116956, 1846
1069, 0, 554, 677, 631, 182, 0.02%, 5, 0, 3, 90.44, 117409, 1846
1074, 0, 554, 678, 632, 182, 0.02%, 5, 0, 3, 91.38, 117881, 1846
1079, 0, 446, 678, 631, 181, 0.02%, 5, 0, 3, 93.07, 118354, 1846
1085, 0, 446, 679, 632, 181, 0.02%, 5, 0, 3, 93.03, 118819, 1846
1090, 0, 446, 680, 633, 181, 0.02%, 5, 0, 3, 92.74, 119287, 1847
1095, 0, 676, 680, 632, 181, 0.02%, 5, 0, 3, 100.56, 119774, 1847
1100, 0, 676, 682, 634, 181, 0.02%, 5, 0, 3, 115.12, 120386, 1854
1105, 0, 676, 684, 636, 181, 0.02%, 5, 0, 3, 120.03, 120994, 1857
1110, 0, 676, 686, 638, 181, 0.02%, 5, 0, 3, 123.93, 121618, 1857
1115, 0, 676, 686, 638, 181, 0.02%, 5, 0, 3, 130.15, 122304, 1857
1120, 0, 676, 686, 638, 181, 0.02%, 5, 0, 3, 130.65, 122986, 1857
1125, 0, 676, 688, 640, 181, 0.02%, 6, 0, 3, 128.14, 123646, 1858
1130, 0, 676, 688, 640, 181, 0.02%, 6, 0, 3, 131.02, 124326, 1858
1136, 0, 676, 688, 640, 181, 0.02%, 6, 0, 3, 131.32, 125006, 1858
1141, 0, 676, 688, 640, 181, 0.02%, 6, 0, 3, 134.14, 125704, 1858
1146, 0, 676, 689, 641, 181, 0.02%, 6, 0, 3, 135.42, 126403, 1858
1151, 0, 676, 690, 642, 181, 0.02%, 6, 0, 3, 131.29, 127082, 1858
1156, 0, 676, 690, 642, 181, 0.02%, 6, 0, 3, 132.66, 127770, 1858
1162, 0, 676, 690, 642, 181, 0.02%, 7, 0, 3, 136.87, 128482, 1858
1167, 0, 676, 690, 642, 181, 0.02%, 7, 0, 3, 139.83, 129206, 1858
1172, 0, 676, 690, 642, 181, 0.02%, 7, 0, 3, 139.07, 129922, 1858
1177, 0, 676, 690, 642, 181, 0.02%, 7, 0, 3, 140.49, 130640, 1858
1182, 0, 676, 690, 642, 181, 0.02%, 7, 0, 3, 136.97, 131336, 1858
1187, 0, 676, 691, 643, 181, 0.02%, 7, 0, 3, 138.43, 132029, 1858
1192, 0, 676, 691, 643, 181, 0.02%, 7, 0, 3, 140.47, 132757, 1858
1197, 0, 676, 691, 643, 181, 0.02%, 7, 0, 3, 140.49, 133485, 1858
1203, 0, 676, 691, 643, 181, 0.02%, 7, 0, 3, 138.91, 134207, 1858
1208, 0, 676, 691, 643, 181, 0.02%, 7, 0, 3, 137.20, 134911, 1858
1213, 0, 676, 692, 644, 181, 0.02%, 7, 0, 3, 135.89, 135608, 1858
1218, 0, 676, 692, 644, 181, 0.02%, 7, 0, 3, 138.54, 136324, 1858
1223, 0, 676, 692, 644, 181, 0.02%, 7, 0, 3, 139.79, 137046, 1858
1228, 0, 676, 692, 644, 181, 0.02%, 7, 0, 3, 138.39, 137762, 1858
1234, 0, 676, 692, 644, 181, 0.02%, 7, 0, 3, 138.64, 138482, 1858
1239, 0, 676, 693, 645, 181, 0.02%, 7, 0, 3, 132.13, 139165, 1858
1244, 0, 676, 693, 645, 181, 0.02%, 7, 0, 3, 120.85, 139777, 1858
1249, 0, 676, 693, 645, 181, 0.02%, 7, 0, 3, 124.43, 140417, 1858
1254, 0, 676, 693, 645, 181, 0.02%, 7, 0, 3, 119.69, 141037, 1858
1259, 0, 676, 693, 645, 181, 0.02%, 7, 0, 3, 121.59, 141645, 1858
1265, 0, 676, 693, 645, 181, 0.02%, 7, 0, 3, 125.69, 142301, 1858
1270, 0, 676, 693, 645, 181, 0.02%, 7, 0, 3, 124.16, 142947, 1858
1275, 0, 676, 693, 645, 181, 0.02%, 7, 0, 3, 127.46, 143605, 1858
1280, 0, 676, 693, 645, 181, 0.02%, 7, 0, 3, 122.70, 144227, 1858
1285, 0, 676, 693, 645, 181, 0.02%, 7, 0, 3, 126.51, 144887, 1858
1290, 0, 676, 694, 646, 181, 0.02%, 7, 0, 3, 121.10, 145490, 1860
1295, 0, 676, 694, 646, 181, 0.02%, 7, 0, 3, 121.41, 146112, 1860
1301, 0, 676, 695, 647, 181, 0.02%, 7, 0, 3, 112.86, 146695, 1860
1306, 0, 676, 696, 648, 181, 0.02%, 7, 0, 3, 117.61, 147304, 1867
1311, 0, 676, 696, 648, 181, 0.02%, 7, 0, 3, 114.49, 147908, 1867
1316, 0, 676, 696, 648, 181, 0.02%, 7, 0, 3, 115.73, 148502, 1867
1321, 0, 676, 696, 648, 181, 0.02%, 7, 0, 3, 117.17, 149116, 1867
1326, 0, 676, 696, 648, 181, 0.02%, 7, 0, 3, 119.56, 149724, 1867
1332, 0, 676, 696, 648, 181, 0.02%, 7, 0, 3, 120.73, 150352, 1867
1337, 0, 676, 696, 648, 181, 0.02%, 7, 0, 3, 119.46, 150958, 1867
1342, 0, 676, 696, 648, 181, 0.02%, 7, 0, 3, 145.89, 151706, 1867
1347, 0, 676, 696, 648, 181, 0.02%, 7, 0, 3, 161.70, 152566, 1867
1352, 0, 676, 696, 648, 181, 0.02%, 7, 0, 3, 153.42, 153331, 1867
1357, 0, 519, 696, 647, 185, 0.02%, 7, 0, 3, 135.38, 154006, 1867
1362, 0, 519, 698, 649, 185, 0.02%, 7, 0, 3, 142.32, 154730, 1867
1367, 0, 519, 701, 652, 185, 0.02%, 7, 0, 3, 164.21, 155560, 1867
1369, 0, 519, 702, 653, 185, 0.02%, 7, 0, 3, 176.78, 155931, 1867
