# relative_time, cycles_done, cur_item, corpus_count, pending_total, pending_favs, map_size, saved_crashes, saved_hangs, max_depth, execs_per_sec, total_execs, edges_found
61, 0, 90, 280, 243, 33, 0.02%, 1, 0, 2, 96.85, 6602, 1526
66, 0, 90, 286, 249, 33, 0.02%, 1, 0, 2, 93.71, 7072, 1552
71, 0, 90, 292, 255, 33, 0.02%, 1, 0, 2, 92.44, 7513, 1556
76, 0, 90, 296, 259, 33, 0.02%, 1, 0, 2, 92.82, 7990, 1558
82, 0, 90, 298, 261, 33, 0.02%, 1, 0, 2, 90.89, 8460, 1558
87, 0, 90, 302, 265, 33, 0.02%, 1, 0, 2, 90.88, 8926, 1560
92, 0, 90, 304, 267, 33, 0.02%, 1, 0, 2, 94.77, 9413, 1560
97, 0, 90, 306, 269, 33, 0.02%, 1, 0, 2, 97.18, 9914, 1560
102, 0, 90, 313, 276, 33, 0.02%, 1, 0, 2, 93.94, 10400, 1562
107, 0, 90, 316, 279, 33, 0.02%, 1, 0, 2, 90.58, 10876, 1565
113, 0, 90, 318, 281, 33, 0.02%, 1, 0, 2, 80.35, 11287, 1565
118, 0, 90, 319, 282, 33, 0.02%, 1, 0, 2, 85.53, 11727, 1566
123, 0, 90, 326, 289, 33, 0.02%, 1, 0, 2, 84.63, 12152, 1571
128, 0, 90, 326, 289, 33, 0.02%, 1, 0, 2, 92.60, 12633, 1571
133, 0, 90, 329, 292, 33, 0.02%, 1, 0, 2, 93.77, 13120, 1571
138, 0, 90, 332, 295, 33, 0.02%, 1, 0, 2, 94.02, 13604, 1581
143, 0, 90, 333, 296, 33, 0.02%, 1, 0, 2, 90.26, 14056, 1582
148, 0, 90, 334, 297, 33, 0.02%, 1, 0, 2, 79.72, 14472, 1582
154, 0, 90, 337, 300, 33, 0.02%, 1, 0, 2, 84.65, 14913, 1583
159, 0, 90, 339, 302, 33, 0.02%, 1, 0, 2, 82.39, 15344, 1585
164, 0, 90, 343, 306, 33, 0.02%, 1, 0, 2, 80.90, 15745, 1588
169, 0, 90, 354, 317, 33, 0.02%, 1, 0, 2, 79.62, 16157, 1594
174, 0, 90, 358, 321, 33, 0.02%, 1, 0, 2, 86.00, 16608, 1594
179, 0, 90, 360, 323, 33, 0.02%, 1, 0, 2, 89.31, 17071, 1596
184, 0, 90, 362, 325, 33, 0.02%, 1, 0, 2, 86.05, 17512, 1597
189, 0, 90, 365, 327, 32, 0.02%, 1, 0, 2, 89.79, 17982, 1598
195, 0, 90, 398, 360, 32, 0.02%, 1, 0, 2, 80.49, 18370, 1615
200, 0, 90, 438, 400, 32, 0.02%, 1, 0, 2, 74.56, 18754, 1649
205, 0, 90, 480, 442, 32, 0.02%, 1, 0, 2, 70.86, 19106, 1681
210, 0, 90, 521, 483, 32, 0.02%, 1, 0, 2, 69.69, 19460, 1738
215, 0, 90, 561, 523, 32, 0.02%, 1, 0, 2, 66.94, 19791, 1783
220, 0, 573, 577, 539, 164, 0.02%, 1, 0, 2, 105.41, 20320, 1796
225, 0, 573, 579, 541, 164, 0.02%, 1, 0, 2, 118.63, 20948, 1797
230, 0, 573, 589, 551, 164, 0.02%, 1, 0, 2, 141.46, 21421, 1800
235, 0, 573, 596, 558, 164, 0.02%, 1, 0, 2, 124.91, 22041, 1806
240, 0, 573, 599, 561, 164, 0.02%, 1, 0, 2, 128.38, 22714, 1808
245, 0, 573, 601, 563, 164, 0.02%, 1, 0, 2, 123.64, 23348, 1811
251, 0, 573, 602, 564, 164, 0.02%, 1, 0, 2, 116.54, 23965, 1812
256, 0, 573, 602, 564, 164, 0.02%, 1, 0, 2, 124.15, 24607, 1812
261, 0, 573, 603, 565, 164, 0.02%, 1, 0, 2, 127.26, 25266, 1812
266, 0, 573, 604, 566, 164, 0.02%, 1, 0, 2, 124.09, 25903, 1813
271, 0, 573, 605, 567, 164, 0.02%, 1, 0, 2, 121.21, 26530, 1814
276, 0, 573, 606, 568, 164, 0.02%, 1, 0, 2, 116.95, 27137, 1815
281, 0, 573, 606, 568, 164, 0.02%, 1, 0, 2, 115.16, 27709, 1815
287, 0, 573, 606, 568, 164, 0.02%, 1, 0, 2, 117.06, 28315, 1815
292, 0, 573, 606, 568, 164, 0.02%, 2, 0, 2, 120.71, 28943, 1815
297, 0, 573, 606, 568, 164, 0.02%, 2, 0, 2, 126.16, 29607, 1815
302, 0, 573, 607, 569, 164, 0.02%, 2, 0, 2, 125.62, 30238, 1816
307, 0, 573, 607, 569, 164, 0.02%, 2, 0, 2, 122.76, 30868, 1816
312, 0, 573, 607, 569, 164, 0.02%, 2, 0, 2, 118.85, 31482, 1816
318, 0, 573, 607, 569, 164, 0.02%, 2, 0, 2, 118.79, 32100, 1816
323, 0, 573, 607, 569, 164, 0.02%, 2, 0, 2, 118.84, 32714, 1816
328, 0, 573, 607, 569, 164, 0.02%, 2, 0, 2, 116.76, 33296, 1816
333, 0, 573, 608, 570, 164, 0.02%, 2, 0, 2, 119.13, 33895, 1816
338, 0, 573, 608, 570, 164, 0.02%, 2, 0, 2, 121.16, 34529, 1816
343, 0, 573, 608, 570, 164, 0.02%, 2, 0, 2, 121.33, 35161, 1816
348, 0, 573, 608, 570, 164, 0.02%, 2, 0, 2, 122.05, 35795, 1816
354, 0, 573, 609, 571, 164, 0.02%, 2, 0, 2, 120.64, 36424, 1817
359, 0, 573, 609, 571, 164, 0.02%, 2, 0, 2, 121.55, 37052, 1817
364, 0, 573, 610, 572, 164, 0.02%, 2, 0, 2, 120.69, 37661, 1817
369, 0, 474, 610, 571, 179, 0.02%, 2, 0, 2, 115.77, 38233, 1817
374, 0, 474, 615, 576, 179, 0.02%, 2, 0, 2, 115.23, 38805, 1818
379, 0, 474, 617, 578, 179, 0.02%, 2, 0, 2, 116.73, 39421, 1820
384, 0, 474, 619, 580, 179, 0.02%, 2, 0, 2, 116.57, 40011, 1820
389, 0, 474, 619, 580, 179, 0.02%, 2, 0, 2, 118.07, 40625, 1820
394, 0, 474, 620, 581, 179, 0.02%, 2, 0, 2, 116.81, 41214, 1820
399, 0, 474, 624, 585, 179, 0.02%, 2, 0, 2, 113.84, 41784, 1822
405, 0, 474, 624, 585, 179, 0.02%, 2, 0, 2, 116.44, 42392, 1822
410, 0, 474, 624, 585, 179, 0.02%, 2, 0, 2, 115.61, 42994, 1822
415, 0, 474, 624, 585, 179, 0.02%, 2, 0, 2, 116.67, 43602, 1822
420, 0, 474, 624, 585, 179, 0.02%, 2, 0, 2, 115.93, 44204, 1822
425, 0, 474, 625, 586, 179, 0.02%, 2, 0, 2, 116.46, 44789, 1822
430, 0, 474, 625, 586, 179, 0.02%, 2, 0, 2, 115.28, 45387, 1822
435, 0, 474, 627, 588, 179, 0.02%, 2, 0, 2, 114.64, 45963, 1822
441, 0, 474, 629, 590, 179, 0.02%, 2, 0, 2, 115.68, 46545, 1822
446, 0, 474, 629, 590, 179, 0.02%, 2, 0, 2, 116.20, 47147, 1822
451, 0, 474, 629, 590, 179, 0.02%, 2, 0, 2, 116.98, 47731, 1822
456, 0, 474, 629, 590, 179, 0.02%, 2, 0, 2, 116.98, 48335, 1822
461, 0, 474, 629, 590, 179, 0.02%, 2, 0, 2, 117.88, 48945, 1822
466, 0, 474, 629, 590, 179, 0.02%, 2, 0, 2, 117.65, 49549, 1822
471, 0, 474, 631, 592, 179, 0.02%, 2, 0, 2, 115.86, 50139, 1822
477, 0, 474, 632, 593, 179, 0.02%, 2, 0, 2, 117.01, 50744, 1822
482, 0, 474, 633, 594, 179, 0.02%, 2, 0, 2, 112.51, 51327, 1822
487, 0, 474, 633, 594, 179, 0.02%, 2, 0, 2, 117.64, 51939, 1822
492, 0, 474, 633, 594, 179, 0.02%, 2, 0, 2, 117.62, 52549, 1822
497, 0, 474, 633, 594, 179, 0.02%, 2, 0, 2, 117.23, 53153, 1822
502, 0, 474, 633, 594, 179, 0.02%, 2, 0, 2, 119.21, 53771, 1822
507, 0, 474, 633, 594, 179, 0.02%, 2, 0, 2, 119.41, 54373, 1822
512, 0, 474, 634, 595, 179, 0.02%, 2, 0, 2, 116.60, 54957, 1822
517, 0, 591, 635, 595, 179, 0.02%, 2, 0, 2, 112.89, 55521, 1822
522, 0, 591, 635, 595, 179, 0.02%, 2, 0, 2, 113.19, 56089, 1822
528, 0, 594, 635, 594, 178, 0.02%, 2, 0, 2, 115.51, 56691, 1822
533, 0, 594, 635, 594, 178, 0.02%, 2, 0, 2, 112.04, 57249, 1822
538, 0, 411, 635, 593, 177, 0.02%, 2, 0, 2, 110.01, 57809, 1822
543, 0, 478, 642, 599, 176, 0.02%, 2, 0, 2, 95.08, 58295, 1824
548, 0, 478, 655, 612, 176, 0.02%, 2, 0, 2, 78.61, 58661, 1825
553, 0, 478, 666, 623, 176, 0.02%, 2, 0, 2, 75.06, 59037, 1827
558, 0, 478, 675, 632, 176, 0.02%, 2, 0, 2, 73.62, 59421, 1828
563, 0, 478, 681, 638, 176, 0.02%, 2, 0, 2, 76.51, 59825, 1829
568, 0, 478, 682, 639, 176, 0.02%, 2, 0, 2, 78.67, 60229, 1829
574, 0, 478, 686, 643, 176, 0.02%, 2, 0, 2, 77.79, 60623, 1829
579, 0, 478, 691, 648, 176, 0.02%, 2, 0, 2, 76.86, 61015, 1832
584, 0, 478, 692, 649, 176, 0.02%, 2, 0, 2, 78.01, 61424, 1833
589, 0, 478, 694, 651, 176, 0.02%, 2, 0, 2, 79.29, 61829, 1834
594, 0, 478, 695, 652, 176, 0.02%, 2, 0, 2, 78.09, 62233, 1834
599, 0, 478, 696, 653, 176, 0.02%, 2, 0, 2, 78.83, 62637, 1834
604, 0, 478, 698, 655, 176, 0.02%, 2, 0, 2, 81.58, 63056, 1836
609, 0, 478, 701, 658, 176, 0.02%, 2, 0, 2, 80.24, 63461, 1839
615, 0, 478, 703, 660, 176, 0.02%, 3, 0, 2, 80.83, 63872, 1840
620, 0, 478, 707, 664, 176, 0.02%, 3, 0, 2, 79.48, 64275, 1843
625, 0, 478, 707, 664, 176, 0.02%, 3, 0, 2, 82.38, 64700, 1843
630, 0, 477, 707, 663, 183, 0.02%, 3, 0, 2, 88.11, 65151, 1843
635, 0, 477, 710, 666, 183, 0.02%, 3, 0, 2, 87.66, 65595, 1845
640, 0, 477, 712, 668, 183, 0.02%, 3, 0, 2, 94.34, 66077, 1846
645, 0, 477, 715, 671, 183, 0.02%, 3, 0, 2, 96.59, 66579, 1846
650, 0, 477, 716, 672, 183, 0.02%, 3, 0, 2, 98.88, 67090, 1846
655, 0, 477, 716, 672, 183, 0.02%, 3, 0, 2, 100.96, 67603, 1846
660, 0, 477, 716, 672, 183, 0.02%, 3, 0, 2, 98.32, 68107, 1846
666, 0, 477, 716, 672, 183, 0.02%, 3, 0, 2, 95.01, 68593, 1846
671, 0, 477, 716, 672, 183, 0.02%, 3, 0, 2, 95.39, 69081, 1846
676, 0, 477, 716, 672, 183, 0.02%, 3, 0, 2, 95.72, 69572, 1846
681, 0, 477, 717, 673, 183, 0.02%, 3, 0, 2, 95.66, 70062, 1846
686, 0, 477, 718, 674, 183, 0.02%, 3, 0, 2, 98.61, 70575, 1846
691, 0, 477, 718, 674, 183, 0.02%, 3, 0, 2, 98.43, 71071, 1846
696, 0, 477, 718, 674, 183, 0.02%, 3, 0, 2, 98.34, 71576, 1846
701, 0, 477, 719, 675, 183, 0.02%, 3, 0, 2, 96.77, 72059, 1846
706, 0, 477, 719, 675, 183, 0.02%, 3, 0, 2, 98.36, 72563, 1846
711, 0, 477, 720, 676, 183, 0.02%, 3, 0, 2, 97.86, 73051, 1847
717, 0, 477, 720, 676, 183, 0.02%, 3, 0, 2, 97.19, 73551, 1847
722, 0, 477, 720, 676, 183, 0.02%, 3, 0, 2, 96.15, 74043, 1847
727, 0, 477, 720, 676, 183, 0.02%, 3, 0, 2, 96.27, 74532, 1847
732, 0, 477, 720, 676, 183, 0.02%, 3, 0, 2, 98.11, 75039, 1847
737, 0, 477, 721, 677, 183, 0.02%, 3, 0, 2, 95.92, 75522, 1847
742, 0, 477, 721, 677, 183, 0.02%, 3, 0, 2, 95.86, 76014, 1847
747, 0, 477, 721, 677, 183, 0.02%, 3, 0, 2, 96.13, 76507, 1847
752, 0, 477, 721, 677, 183, 0.02%, 3, 0, 2, 95.72, 76998, 1847
758, 0, 477, 721, 677, 183, 0.02%, 3, 0, 2, 98.51, 77503, 1847
763, 0, 477, 721, 677, 183, 0.02%, 3, 0, 2, 96.92, 77999, 1847
768, 0, 477, 721, 677, 183, 0.02%, 3, 0, 2, 97.43, 78497, 1847
773, 0, 477, 721, 677, 183, 0.02%, 3, 0, 2, 97.65, 78996, 1847
778, 0, 477, 721, 677, 183, 0.02%, 3, 0, 2, 97.23, 79494, 1847
783, 0, 477, 721, 677, 183, 0.02%, 3, 0, 2, 98.34, 79997, 1847
788, 0, 477, 722, 678, 183, 0.02%, 3, 0, 2, 96.41, 80486, 1847
793, 0, 477, 723, 679, 183, 0.02%, 3, 0, 2, 96.44, 80988, 1847
798, 0, 477, 723, 679, 183, 0.02%, 3, 0, 2, 96.40, 81480, 1847
804, 0, 477, 723, 679, 183, 0.02%, 3, 0, 2, 97.16, 81980, 1847
809, 0, 630, 723, 678, 184, 0.02%, 3, 0, 2, 107.63, 82514, 1847
814, 0, 630, 724, 679, 184, 0.02%, 3, 0, 3, 117.88, 83136, 1847
819, 0, 697, 724, 678, 183, 0.02%, 3, 0, 3, 90.62, 83568, 1847
824, 0, 697, 724, 678, 183, 0.02%, 3, 0, 3, 86.58, 84003, 1847
829, 0, 697, 724, 678, 183, 0.02%, 3, 0, 3, 85.33, 84441, 1847
834, 0, 697, 724, 678, 183, 0.02%, 3, 0, 3, 83.50, 84870, 1847
839, 0, 402, 727, 680, 182, 0.02%, 3, 0, 3, 103.12, 85385, 1847
845, 0, 402, 727, 680, 182, 0.02%, 3, 0, 3, 118.38, 86010, 1847
850, 0, 626, 728, 680, 181, 0.02%, 3, 0, 3, 116.37, 86613, 1847
855, 0, 608, 728, 679, 181, 0.02%, 3, 0, 3, 115.44, 87194, 1847
860, 0, 608, 728, 679, 181, 0.02%, 3, 0, 3, 116.17, 87792, 1847
865, 0, 608, 729, 680, 181, 0.02%, 3, 0, 3, 120.44, 88419, 1847
870, 0, 692, 729, 679, 181, 0.02%, 3, 0, 3, 92.87, 88851, 1847
875, 0, 692, 729, 679, 181, 0.02%, 3, 0, 3, 88.47, 89295, 1847
880, 0, 692, 729, 679, 181, 0.02%, 3, 0, 3, 87.02, 89738, 1847
886, 0, 692, 729, 679, 181, 0.02%, 3, 0, 3, 84.96, 90174, 1847
891, 0, 290, 730, 679, 180, 0.02%, 3, 0, 3, 88.59, 90649, 1847
896, 0, 290, 730, 679, 180, 0.02%, 3, 0, 3, 87.01, 91092, 1847
901, 0, 290, 730, 679, 180, 0.02%, 3, 0, 3, 85.95, 91528, 1847
906, 0, 699, 731, 679, 179, 0.02%, 3, 0, 3, 84.09, 91968, 1847
911, 0, 699, 731, 679, 179, 0.02%, 3, 0, 3, 79.92, 92374, 1847
916, 0, 699, 731, 679, 179, 0.02%, 3, 0, 3, 78.57, 92773, 1847
921, 0, 699, 731, 679, 179, 0.02%, 3, 0, 3, 78.43, 93173, 1847
926, 0, 699, 733, 681, 179, 0.02%, 3, 0, 3, 77.27, 93558, 1847
932, 0, 699, 734, 682, 179, 0.02%, 3, 0, 3, 79.70, 93975, 1847
937, 0, 699, 735, 683, 179, 0.02%, 3, 0, 3, 80.88, 94393, 1847
942, 0, 699, 735, 683, 179, 0.02%, 3, 0, 3, 81.34, 94811, 1847
947, 0, 699, 737, 685, 179, 0.02%, 3, 0, 3, 80.40, 95215, 1848
952, 0, 709, 737, 684, 180, 0.02%, 3, 0, 3, 88.60, 95658, 1848
957, 0, 709, 737, 684, 180, 0.02%, 3, 0, 3, 90.84, 96122, 1848
962, 0, 428, 737, 683, 179, 0.02%, 3, 0, 3, 89.99, 96581, 1848
967, 0, 428, 737, 683, 179, 0.02%, 3, 0, 3, 91.27, 97043, 1848
973, 0, 702, 737, 682, 178, 0.02%, 3, 0, 3, 82.75, 97463, 1848
978, 0, 702, 737, 682, 178, 0.02%, 3, 0, 3, 77.13, 97856, 1848
983, 0, 702, 737, 682, 178, 0.02%, 3, 0, 3, 79.12, 98263, 1848
988, 0, 702, 737, 682, 178, 0.02%, 3, 0, 3, 77.94, 98667, 1848
993, 0, 702, 743, 688, 178, 0.02%, 3, 0, 3, 77.31, 99068, 1848
998, 0, 702, 746, 691, 178, 0.02%, 3, 0, 3, 79.28, 99469, 1848
1003, 0, 702, 748, 693, 178, 0.02%, 3, 0, 3, 80.43, 99888, 1848
1009, 0, 702, 750, 695, 178, 0.02%, 3, 0, 3, 81.91, 100313, 1848
1014, 0, 702, 750, 695, 178, 0.02%, 3, 0, 3, 81.16, 100732, 1848
1019, 0, 702, 753, 698, 178, 0.02%, 3, 0, 3, 80.40, 101129, 1848
1024, 0, 702, 753, 698, 178, 0.02%, 3, 0, 3, 84.52, 101565, 1848
1029, 0, 702, 753, 698, 178, 0.02%, 3, 0, 3, 83.81, 101998, 1848
1034, 0, 702, 754, 699, 178, 0.02%, 3, 0, 3, 83.25, 102424, 1849
1039, 0, 702, 754, 699, 178, 0.02%, 3, 0, 3, 84.86, 102861, 1849
1044, 0, 702, 754, 699, 178, 0.02%, 3, 0, 3, 84.32, 103291, 1849
1049, 0, 702, 755, 700, 178, 0.02%, 3, 0, 3, 84.81, 103715, 1849
1055, 0, 702, 755, 700, 178, 0.02%, 3, 0, 3, 84.30, 104147, 1849
1060, 0, 702, 756, 701, 178, 0.02%, 3, 0, 3, 82.76, 104575, 1849
1065, 0, 702, 756, 701, 178, 0.02%, 3, 0, 3, 84.57, 105009, 1849
1070, 0, 702, 756, 701, 178, 0.02%, 3, 0, 3, 83.40, 105437, 1849
1075, 0, 702, 756, 701, 178, 0.02%, 3, 0, 3, 84.38, 105872, 1849
1080, 0, 702, 757, 702, 178, 0.02%, 3, 0, 3, 86.51, 106311, 1849
1085, 0, 702, 757, 702, 178, 0.02%, 3, 0, 3, 83.75, 106736, 1849
1091, 0, 702, 759, 704, 178, 0.02%, 3, 0, 3, 82.50, 107161, 1849
1096, 0, 702, 759, 704, 178, 0.02%, 3, 0, 3, 83.16, 107588, 1849
1101, 0, 702, 760, 705, 178, 0.02%, 3, 0, 3, 85.35, 108036, 1849
1106, 0, 702, 760, 705, 178, 0.02%, 3, 0, 3, 85.67, 108475, 1849
1111, 0, 702, 760, 705, 178, 0.02%, 3, 0, 3, 84.97, 108912, 1849
1116, 0, 702, 760, 705, 178, 0.02%, 3, 0, 3, 83.20, 109339, 1849
1121, 0, 702, 760, 705, 178, 0.02%, 4, 0, 3, 79.95, 109751, 1849
1127, 0, 702, 760, 705, 178, 0.02%, 4, 0, 3, 78.72, 110155, 1849
1132, 0, 702, 760, 705, 178, 0.02%, 4, 0, 3, 79.25, 110565, 1849
1137, 0, 702, 760, 705, 178, 0.02%, 4, 0, 3, 79.48, 110974, 1849
1142, 0, 702, 763, 708, 178, 0.02%, 5, 0, 3, 71.49, 111360, 1849
1147, 0, 702, 764, 709, 178, 0.02%, 7, 0, 3, 55.64, 111619, 1849
1152, 0, 702, 771, 716, 178, 0.02%, 8, 0, 3, 67.63, 111963, 1849
1157, 0, 702, 771, 716, 178, 0.02%, 8, 0, 3, 76.07, 112367, 1849
1163, 0, 702, 771, 716, 178, 0.02%, 8, 0, 3, 77.26, 112767, 1849
1168, 0, 702, 772, 717, 178, 0.02%, 8, 0, 3, 76.29, 113155, 1849
1173, 0, 518, 773, 717, 177, 0.02%, 8, 0, 3, 94.82, 113636, 1849
1178, 0, 518, 773, 717, 177, 0.02%, 8, 0, 3, 108.79, 114211, 1849
1183, 0, 518, 773, 717, 177, 0.02%, 8, 0, 3, 111.37, 114791, 1849
1188, 0, 753, 773, 716, 176, 0.02%, 8, 0, 3, 83.50, 115192, 1849
1194, 0, 753, 773, 716, 176, 0.02%, 8, 0, 3, 75.09, 115565, 1849
1199, 0, 753, 773, 716, 176, 0.02%, 8, 0, 3, 78.18, 115970, 1849
1204, 0, 753, 773, 716, 176, 0.02%, 8, 0, 3, 75.94, 116365, 1849
1209, 0, 753, 774, 717, 176, 0.02%, 8, 0, 4, 77.94, 116764, 1850
1214, 0, 753, 779, 722, 176, 0.02%, 8, 0, 4, 76.75, 117169, 1851
1219, 0, 753, 781, 724, 176, 0.02%, 8, 0, 4, 74.21, 117546, 1851
1224, 0, 753, 781, 724, 176, 0.02%, 8, 0, 4, 77.17, 117948, 1851
1230, 0, 753, 784, 727, 176, 0.02%, 8, 0, 4, 75.35, 118326, 1851
1235, 0, 753, 786, 729, 176, 0.02%, 8, 0, 4, 85.74, 118755, 1851
1240, 0, 431, 786, 728, 176, 0.02%, 8, 0, 4, 99.94, 119283, 1851
1245, 0, 94, 787, 728, 176, 0.02%, 8, 0, 4, 126.57, 119937, 1851
1250, 0, 94, 787, 728, 176, 0.02%, 8, 0, 4, 158.47, 120776, 1851
1255, 0, 94, 794, 735, 176, 0.02%, 9, 0, 4, 193.80, 121793, 1852
1258, 0, 94, 795, 736, 176, 0.02%, 9, 0, 4, 219.10, 122479, 1852
