# relative_time, cycles_done, cur_item, corpus_count, pending_total, pending_favs, map_size, saved_crashes, saved_hangs, max_depth, execs_per_sec, total_execs, edges_found
61, 0, 100, 297, 260, 28, 0.02%, 1, 0, 2, 77.51, 5820, 1534
66, 0, 100, 306, 269, 28, 0.02%, 2, 0, 2, 79.49, 6216, 1542
71, 0, 100, 311, 274, 28, 0.02%, 2, 0, 2, 80.93, 6625, 1544
76, 0, 100, 316, 279, 28, 0.02%, 2, 0, 2, 81.91, 7031, 1546
81, 0, 100, 320, 283, 28, 0.02%, 2, 0, 2, 84.23, 7455, 1549
86, 0, 100, 323, 286, 28, 0.02%, 2, 0, 2, 86.07, 7899, 1553
92, 0, 100, 328, 291, 28, 0.02%, 2, 0, 2, 85.68, 8341, 1556
97, 0, 100, 333, 296, 28, 0.02%, 2, 0, 2, 86.46, 8789, 1559
102, 0, 100, 338, 301, 28, 0.02%, 3, 0, 2, 89.33, 9241, 1571
107, 0, 100, 341, 304, 28, 0.02%, 4, 0, 2, 88.80, 9697, 1571
112, 0, 100, 344, 307, 28, 0.02%, 5, 0, 2, 89.90, 10144, 1575
117, 0, 100, 345, 308, 28, 0.02%, 5, 0, 2, 86.14, 10586, 1575
122, 0, 100, 346, 309, 28, 0.02%, 5, 0, 2, 84.12, 11021, 1575
127, 0, 100, 351, 314, 28, 0.02%, 5, 0, 2, 83.26, 11453, 1575
133, 0, 100, 353, 316, 28, 0.02%, 5, 0, 2, 84.04, 11884, 1582
138, 0, 100, 354, 317, 28, 0.02%, 5, 0, 2, 83.15, 12320, 1582
143, 0, 100, 356, 319, 28, 0.02%, 5, 0, 2, 84.59, 12652, 1583
148, 0, 100, 358, 321, 28, 0.02%, 5, 0, 2, 90.13, 13123, 1586
153, 0, 100, 363, 326, 28, 0.02%, 5, 0, 2, 87.58, 13563, 1590
158, 0, 100, 366, 329, 28, 0.02%, 5, 0, 2, 85.49, 14004, 1593
164, 0, 100, 370, 333, 28, 0.02%, 5, 0, 2, 84.70, 14440, 1596
169, 0, 100, 373, 336, 28, 0.02%, 5, 0, 2, 86.14, 14880, 1598
174, 0, 100, 374, 337, 28, 0.02%, 5, 0, 2, 86.81, 15326, 1600
179, 0, 100, 376, 339, 28, 0.02%, 5, 0, 2, 85.93, 15765, 1601
184, 0, 100, 377, 340, 28, 0.02%, 5, 0, 2, 85.11, 16203, 1602
189, 0, 100, 379, 342, 28, 0.02%, 5, 0, 2, 78.67, 16590, 1602
194, 0, 100, 383, 346, 28, 0.02%, 5, 0, 2, 78.95, 16986, 1604
199, 0, 100, 385, 348, 28, 0.02%, 5, 0, 2, 83.80, 17420, 1606
204, 0, 100, 389, 352, 28, 0.02%, 5, 0, 2, 84.87, 17848, 1609
210, 0, 100, 394, 357, 28, 0.02%, 5, 0, 2, 85.01, 18284, 1616
215, 0, 100, 397, 359, 27, 0.02%, 5, 0, 2, 85.42, 18754, 1617
220, 0, 100, 427, 389, 27, 0.02%, 5, 0, 2, 78.57, 19140, 1632
225, 0, 100, 463, 425, 27, 0.02%, 5, 0, 2, 70.40, 19487, 1663
230, 0, 100, 501, 463, 27, 0.02%, 5, 0, 2, 66.84, 19813, 1692
235, 0, 100, 539, 501, 27, 0.02%, 5, 0, 2, 65.91, 20145, 1762
240, 0, 100, 579, 541, 27, 0.02%, 5, 0, 2, 64.52, 20475, 1800
246, 0, 432, 608, 570, 161, 0.02%, 5, 0, 2, 74.47, 20842, 1811
251, 0, 432, 608, 570, 161, 0.02%, 5, 0, 2, 89.78, 21319, 1811
256, 0, 478, 608, 569, 160, 0.02%, 5, 0, 2, 93.92, 21795, 1811
261, 0, 478, 609, 570, 160, 0.02%, 5, 0, 2, 94.79, 22281, 1811
266, 0, 521, 609, 569, 159, 0.02%, 5, 0, 2, 95.90, 22774, 1811
271, 0, 521, 609, 569, 159, 0.02%, 5, 0, 2, 92.41, 23241, 1811
276, 0, 502, 609, 568, 158, 0.02%, 5, 0, 2, 105.15, 23769, 1811
281, 0, 502, 611, 570, 158, 0.02%, 5, 0, 2, 118.67, 24380, 1813
286, 0, 502, 614, 573, 158, 0.02%, 5, 0, 2, 121.95, 25011, 1814
292, 0, 502, 614, 573, 158, 0.02%, 5, 0, 2, 123.07, 25655, 1814
297, 0, 502, 614, 573, 158, 0.02%, 5, 0, 2, 124.28, 26303, 1814
302, 0, 502, 614, 573, 158, 0.02%, 5, 0, 2, 121.17, 26933, 1814
307, 0, 502, 616, 575, 158, 0.02%, 5, 0, 2, 117.75, 27521, 1816
312, 0, 502, 616, 575, 158, 0.02%, 5, 0, 2, 117.26, 28111, 1816
317, 0, 502, 616, 575, 158, 0.02%, 5, 0, 2, 116.41, 28713, 1816
322, 0, 502, 617, 576, 158, 0.02%, 5, 0, 2, 116.37, 29316, 1817
328, 0, 502, 617, 576, 158, 0.02%, 5, 0, 2, 116.88, 29924, 1817
333, 0, 502, 617, 576, 158, 0.02%, 5, 0, 2, 118.14, 30534, 1817
338, 0, 502, 617, 576, 158, 0.02%, 5, 0, 2, 117.73, 31148, 1817
343, 0, 502, 617, 576, 158, 0.02%, 5, 0, 2, 117.78, 31738, 1817
348, 0, 502, 617, 576, 158, 0.02%, 5, 0, 2, 117.89, 32348, 1817
353, 0, 502, 617, 576, 158, 0.02%, 5, 0, 2, 118.52, 32958, 1817
358, 0, 502, 617, 576, 158, 0.02%, 5, 0, 2, 119.69, 33578, 1817
364, 0, 502, 617, 576, 158, 0.02%, 5, 0, 2, 116.90, 34178, 1817
369, 0, 502, 617, 576, 158, 0.02%, 5, 0, 2, 124.57, 34830, 1817
374, 0, 502, 617, 576, 158, 0.02%, 5, 0, 2, 123.61, 35470, 1817
379, 0, 502, 617, 576, 158, 0.02%, 5, 0, 2, 122.94, 36106, 1817
384, 0, 570, 617, 575, 163, 0.02%, 5, 0, 2, 120.38, 36732, 1817
389, 0, 570, 617, 575, 163, 0.02%, 5, 0, 2, 116.59, 37334, 1817
395, 0, 570, 627, 585, 163, 0.02%, 5, 0, 2, 109.59, 37878, 1820
400, 0, 570, 635, 593, 163, 0.02%, 5, 0, 2, 114.55, 38480, 1825
405, 0, 570, 636, 594, 163, 0.02%, 5, 0, 2, 118.24, 39077, 1826
410, 0, 570, 638, 596, 163, 0.02%, 5, 0, 2, 121.02, 39691, 1828
415, 0, 570, 639, 597, 163, 0.02%, 5, 0, 2, 122.15, 40328, 1829
420, 0, 570, 640, 598, 163, 0.02%, 5, 0, 2, 123.03, 40963, 1830
425, 0, 570, 640, 598, 163, 0.02%, 5, 0, 2, 122.90, 41575, 1830
430, 0, 570, 640, 598, 163, 0.02%, 5, 0, 2, 123.40, 42213, 1830
436, 0, 570, 641, 599, 163, 0.02%, 5, 0, 2, 120.85, 42842, 1830
441, 0, 570, 641, 599, 163, 0.02%, 5, 0, 2, 119.49, 43444, 1830
446, 0, 570, 642, 600, 163, 0.02%, 5, 0, 2, 118.20, 44037, 1831
451, 0, 570, 642, 600, 163, 0.02%, 5, 0, 2, 117.45, 44643, 1831
456, 0, 570, 642, 600, 163, 0.02%, 5, 0, 2, 118.48, 45259, 1831
461, 0, 570, 643, 601, 163, 0.02%, 5, 0, 2, 120.08, 45882, 1832
466, 0, 570, 644, 602, 163, 0.02%, 5, 0, 2, 120.32, 46485, 1832
471, 0, 570, 644, 602, 163, 0.02%, 5, 0, 2, 120.11, 47107, 1832
477, 0, 570, 644, 602, 163, 0.02%, 5, 0, 2, 120.68, 47733, 1832
482, 0, 570, 644, 602, 163, 0.02%, 5, 0, 2, 119.66, 48349, 1832
487, 0, 570, 645, 603, 163, 0.02%, 5, 0, 2, 120.73, 48976, 1832
492, 0, 570, 645, 603, 163, 0.02%, 5, 0, 2, 121.73, 49606, 1832
497, 0, 570, 645, 603, 163, 0.02%, 6, 0, 2, 121.93, 50218, 1832
502, 0, 570, 645, 603, 163, 0.02%, 6, 0, 2, 122.05, 50848, 1832
507, 0, 570, 645, 603, 163, 0.02%, 6, 0, 2, 119.30, 51444, 1832
513, 0, 570, 645, 603, 163, 0.02%, 6, 0, 2, 123.03, 52086, 1832
518, 0, 570, 645, 603, 163, 0.02%, 6, 0, 2, 120.28, 52712, 1832
523, 0, 570, 645, 603, 163, 0.02%, 6, 0, 2, 121.82, 53320, 1832
528, 0, 570, 645, 603, 163, 0.02%, 6, 0, 2, 122.17, 53952, 1832
533, 0, 402, 646, 603, 172, 0.02%, 6, 0, 2, 119.24, 54571, 1832
538, 0, 607, 646, 602, 171, 0.02%, 6, 0, 2, 119.61, 55205, 1832
543, 0, 607, 646, 602, 171, 0.02%, 6, 0, 2, 93.78, 55646, 1832
548, 0, 607, 648, 604, 171, 0.02%, 6, 0, 2, 95.48, 56123, 1834
554, 0, 504, 649, 604, 171, 0.02%, 6, 0, 2, 92.08, 56600, 1834
559, 0, 504, 649, 604, 171, 0.02%, 6, 0, 2, 90.49, 57064, 1834
564, 0, 442, 649, 603, 170, 0.02%, 6, 0, 2, 94.55, 57568, 1834
569, 0, 442, 649, 603, 170, 0.02%, 6, 0, 2, 91.46, 58041, 1834
574, 0, 617, 650, 603, 169, 0.02%, 6, 0, 2, 93.82, 58513, 1834
579, 0, 617, 650, 603, 169, 0.02%, 6, 0, 2, 110.11, 59099, 1834
584, 0, 617, 651, 604, 169, 0.02%, 6, 0, 3, 117.05, 59704, 1834
589, 0, 612, 652, 604, 169, 0.02%, 6, 0, 3, 118.85, 60297, 1834
595, 0, 493, 653, 604, 168, 0.02%, 6, 0, 3, 120.48, 60915, 1834
600, 0, 493, 659, 610, 168, 0.02%, 6, 0, 3, 115.54, 61496, 1834
605, 0, 493, 666, 617, 168, 0.02%, 6, 0, 3, 118.96, 62099, 1834
610, 0, 493, 669, 620, 168, 0.02%, 6, 0, 3, 121.01, 62712, 1834
615, 0, 493, 674, 625, 168, 0.02%, 6, 0, 3, 121.05, 63345, 1834
620, 0, 493, 674, 625, 168, 0.02%, 6, 0, 3, 122.51, 63961, 1834
625, 0, 493, 675, 626, 168, 0.02%, 6, 0, 3, 121.79, 64580, 1834
630, 0, 493, 675, 626, 168, 0.02%, 6, 0, 3, 124.21, 65226, 1834
635, 0, 493, 676, 627, 168, 0.02%, 6, 0, 3, 122.27, 65855, 1834
640, 0, 493, 677, 628, 168, 0.02%, 6, 0, 3, 123.04, 66478, 1835
646, 0, 493, 677, 628, 168, 0.02%, 6, 0, 3, 123.45, 67120, 1835
651, 0, 493, 681, 632, 168, 0.02%, 6, 0, 3, 121.94, 67730, 1835
656, 0, 493, 681, 632, 168, 0.02%, 6, 0, 3, 122.77, 68346, 1835
661, 0, 493, 681, 632, 168, 0.02%, 6, 0, 3, 122.74, 68980, 1835
666, 0, 493, 681, 632, 168, 0.02%, 6, 0, 3, 123.04, 69596, 1835
671, 0, 493, 681, 632, 168, 0.02%, 6, 0, 3, 124.54, 70222, 1835
676, 0, 493, 682, 633, 168, 0.02%, 6, 0, 3, 122.95, 70853, 1836
681, 0, 493, 682, 633, 168, 0.02%, 6, 0, 3, 122.61, 71491, 1836
686, 0, 493, 682, 633, 168, 0.02%, 6, 0, 3, 123.73, 72135, 1836
692, 0, 493, 682, 633, 168, 0.02%, 6, 0, 3, 123.23, 72775, 1836
697, 0, 493, 682, 633, 168, 0.02%, 6, 0, 3, 123.47, 73395, 1836
702, 0, 493, 682, 633, 168, 0.02%, 6, 0, 3, 122.44, 74033, 1836
707, 0, 493, 683, 634, 168, 0.02%, 6, 0, 3, 123.29, 74650, 1837
712, 0, 493, 683, 634, 168, 0.02%, 6, 0, 3, 123.41, 75290, 1837
717, 0, 493, 683, 634, 168, 0.02%, 6, 0, 3, 123.96, 75934, 1837
722, 0, 493, 683, 634, 168, 0.02%, 6, 0, 3, 122.02, 76560, 1837
728, 0, 493, 683, 634, 168, 0.02%, 6, 0, 3, 123.00, 77200, 1837
733, 0, 493, 683, 634, 168, 0.02%, 6, 0, 3, 124.15, 77842, 1837
738, 0, 503, 683, 633, 171, 0.02%, 6, 0, 3, 119.28, 78450, 1837
743, 0, 503, 683, 633, 171, 0.02%, 6, 0, 3, 123.75, 79091, 1837
748, 0, 676, 683, 632, 170, 0.02%, 6, 0, 3, 120.36, 79712, 1837
753, 0, 509, 684, 632, 169, 0.02%, 6, 0, 3, 117.98, 80297, 1837
758, 0, 666, 684, 631, 168, 0.02%, 6, 0, 3, 119.07, 80896, 1837
763, 0, 666, 685, 632, 168, 0.02%, 6, 0, 3, 114.84, 81490, 1837
769, 0, 525, 685, 631, 167, 0.02%, 6, 0, 3, 106.63, 82040, 1837
774, 0, 525, 685, 631, 167, 0.02%, 6, 0, 3, 92.79, 82497, 1837
779, 0, 525, 685, 631, 167, 0.02%, 6, 0, 3, 84.48, 82923, 1837
784, 0, 525, 686, 632, 167, 0.02%, 6, 0, 3, 92.33, 83399, 1838
789, 0, 551, 686, 631, 167, 0.02%, 6, 0, 3, 87.65, 83842, 1838
794, 0, 551, 686, 631, 167, 0.02%, 6, 0, 3, 86.68, 84288, 1838
799, 0, 551, 686, 631, 167, 0.02%, 6, 0, 3, 91.06, 84747, 1838
805, 0, 259, 686, 630, 166, 0.02%, 6, 0, 3, 88.85, 85186, 1838
810, 0, 259, 686, 630, 166, 0.02%, 6, 0, 3, 90.65, 85648, 1838
815, 0, 259, 686, 630, 166, 0.02%, 6, 0, 3, 87.39, 86092, 1838
820, 0, 259, 686, 630, 166, 0.02%, 6, 0, 3, 89.44, 86546, 1838
825, 0, 490, 687, 629, 164, 0.02%, 6, 0, 3, 99.34, 87052, 1838
830, 0, 490, 687, 629, 164, 0.02%, 6, 0, 3, 92.41, 87518, 1838
835, 0, 490, 694, 636, 164, 0.02%, 6, 0, 3, 91.92, 87985, 1841
840, 0, 490, 694, 636, 164, 0.02%, 6, 0, 3, 95.99, 88481, 1841
846, 0, 490, 694, 636, 164, 0.02%, 6, 0, 3, 97.45, 88981, 1841
851, 0, 490, 696, 638, 164, 0.02%, 6, 0, 3, 97.25, 89479, 1841
856, 0, 490, 697, 639, 164, 0.02%, 6, 0, 3, 99.00, 89991, 1842
861, 0, 490, 697, 639, 164, 0.02%, 6, 0, 3, 98.35, 90496, 1842
866, 0, 490, 697, 639, 164, 0.02%, 6, 0, 3, 98.56, 91002, 1842
871, 0, 490, 697, 639, 164, 0.02%, 6, 0, 3, 99.30, 91506, 1842
876, 0, 490, 697, 639, 164, 0.02%, 6, 0, 3, 97.22, 91998, 1842
881, 0, 490, 697, 639, 164, 0.02%, 6, 0, 3, 96.50, 92490, 1842
887, 0, 490, 698, 640, 164, 0.02%, 6, 0, 3, 94.90, 92972, 1842
892, 0, 490, 699, 641, 164, 0.02%, 6, 0, 3, 93.41, 93438, 1843
897, 0, 490, 699, 641, 164, 0.02%, 6, 0, 3, 94.75, 93918, 1843
902, 0, 490, 699, 641, 164, 0.02%, 6, 0, 3, 97.66, 94420, 1843
907, 0, 490, 700, 642, 164, 0.02%, 6, 0, 3, 98.65, 94931, 1843
912, 0, 490, 700, 642, 164, 0.02%, 6, 0, 3, 97.96, 95434, 1843
917, 0, 490, 700, 642, 164, 0.02%, 6, 0, 3, 99.22, 95945, 1843
922, 0, 490, 700, 642, 164, 0.02%, 6, 0, 3, 100.86, 96454, 1843
927, 0, 490, 700, 642, 164, 0.02%, 6, 0, 3, 99.10, 96969, 1843
933, 0, 490, 700, 642, 164, 0.02%, 6, 0, 3, 101.60, 97494, 1843
938, 0, 490, 700, 642, 164, 0.02%, 6, 0, 3, 100.69, 98008, 1843
943, 0, 490, 700, 642, 164, 0.02%, 6, 0, 3, 99.34, 98516, 1843
948, 0, 490, 700, 642, 164, 0.02%, 6, 0, 3, 101.76, 99032, 1843
953, 0, 490, 700, 642, 164, 0.02%, 6, 0, 3, 102.76, 99546, 1843
958, 0, 490, 700, 642, 164, 0.02%, 6, 0, 3, 103.20, 100086, 1843
963, 0, 490, 700, 642, 164, 0.02%, 6, 0, 3, 101.94, 100606, 1843
968, 0, 490, 700, 642, 164, 0.02%, 6, 0, 3, 101.63, 101138, 1843
974, 0, 490, 700, 642, 164, 0.02%, 6, 0, 3, 104.53, 101676, 1843
979, 0, 490, 700, 642, 164, 0.02%, 6, 0, 3, 103.94, 102194, 1843
984, 0, 490, 700, 642, 164, 0.02%, 6, 0, 3, 103.73, 102730, 1843
989, 0, 490, 701, 643, 164, 0.02%, 6, 0, 3, 105.30, 103257, 1843
994, 0, 490, 701, 643, 164, 0.02%, 6, 0, 3, 103.47, 103793, 1843
999, 0, 384, 701, 642, 168, 0.02%, 6, 0, 3, 98.27, 104295, 1843
1004, 0, 384, 701, 642, 168, 0.02%, 6, 0, 3, 92.26, 104756, 1843
1009, 0, 384, 701, 642, 168, 0.02%, 6, 0, 3, 92.72, 105228, 1843
1014, 0, 384, 701, 642, 168, 0.02%, 6, 0, 3, 91.09, 105690, 1843
1019, 0, 384, 701, 642, 168, 0.02%, 6, 0, 3, 98.23, 106188, 1843
1025, 0, 700, 701, 641, 167, 0.02%, 6, 0, 3, 93.54, 106660, 1843
1030, 0, 673, 701, 640, 166, 0.02%, 6, 0, 3, 92.64, 107136, 1843
1035, 0, 673, 701, 640, 166, 0.02%, 6, 0, 3, 108.97, 107720, 1843
1040, 0, 635, 701, 639, 165, 0.02%, 6, 0, 3, 112.00, 108294, 1843
1045, 0, 635, 701, 639, 165, 0.02%, 6, 0, 3, 113.26, 108886, 1843
1050, 0, 500, 701, 638, 164, 0.02%, 6, 0, 3, 110.41, 109452, 1843
1055, 0, 500, 701, 638, 164, 0.02%, 6, 0, 3, 92.48, 109908, 1843
1060, 0, 500, 706, 643, 164, 0.02%, 6, 0, 3, 90.26, 110367, 1845
1066, 0, 500, 706, 643, 164, 0.02%, 6, 0, 3, 96.45, 110870, 1845
1071, 0, 500, 707, 644, 164, 0.02%, 6, 0, 3, 95.86, 111360, 1845
1076, 0, 500, 709, 646, 164, 0.02%, 6, 0, 3, 95.88, 111855, 1845
1081, 0, 500, 711, 648, 164, 0.02%, 6, 0, 3, 94.36, 112346, 1845
1086, 0, 500, 711, 648, 164, 0.02%, 6, 0, 3, 93.18, 112815, 1845
1091, 0, 500, 711, 648, 164, 0.02%, 6, 0, 3, 90.22, 113278, 1845
1096, 0, 500, 712, 649, 164, 0.02%, 6, 0, 3, 90.88, 113736, 1845
1101, 0, 500, 712, 649, 164, 0.02%, 6, 0, 3, 87.44, 114184, 1845
1107, 0, 500, 713, 650, 164, 0.02%, 6, 0, 3, 89.22, 114653, 1845
1112, 0, 500, 713, 650, 164, 0.02%, 6, 0, 3, 92.07, 115130, 1845
1117, 0, 500, 714, 651, 164, 0.02%, 6, 0, 3, 93.53, 115614, 1845
1122, 0, 500, 714, 651, 164, 0.02%, 6, 0, 3, 93.19, 116082, 1845
1127, 0, 500, 715, 652, 164, 0.02%, 6, 0, 3, 91.61, 116555, 1845
1132, 0, 500, 716, 653, 164, 0.02%, 6, 0, 3, 98.00, 117062, 1845
1137, 0, 500, 716, 653, 164, 0.02%, 6, 0, 3, 99.07, 117575, 1845
1143, 0, 500, 716, 653, 164, 0.02%, 6, 0, 3, 95.02, 118062, 1845
1148, 0, 500, 716, 653, 164, 0.02%, 6, 0, 3, 106.09, 118616, 1845
1153, 0, 500, 716, 653, 164, 0.02%, 6, 0, 3, 111.86, 119176, 1845
1158, 0, 500, 716, 653, 164, 0.02%, 6, 0, 3, 145.32, 119910, 1845
1163, 0, 500, 716, 653, 164, 0.02%, 6, 0, 3, 211.69, 121050, 1845
1168, 0, 500, 717, 654, 164, 0.02%, 6, 0, 3, 268.67, 122460, 1845
1173, 0, 500, 718, 655, 164, 0.02%, 7, 0, 3, 346.18, 124304, 1845
1174, 0, 500, 718, 655, 164, 0.02%, 7, 0, 3, 351.05, 124505, 1845
