# relative_time, cycles_done, cur_item, corpus_count, pending_total, pending_favs, map_size, saved_crashes, saved_hangs, max_depth, execs_per_sec, total_execs, edges_found
62, 0, 94, 390, 353, 27, 0.02%, 7, 0, 2, 160.21, 9963, 1665
67, 0, 94, 396, 359, 27, 0.02%, 7, 0, 2, 162.81, 10788, 1673
72, 0, 94, 400, 363, 27, 0.02%, 7, 0, 2, 162.58, 11602, 1677
78, 0, 94, 406, 369, 27, 0.02%, 7, 0, 2, 132.98, 12286, 1679
83, 0, 94, 413, 376, 27, 0.02%, 7, 0, 2, 145.86, 13029, 1686
88, 0, 94, 417, 380, 27, 0.02%, 8, 0, 2, 152.48, 13821, 1687
93, 0, 94, 422, 385, 27, 0.02%, 8, 0, 2, 162.23, 14651, 1689
98, 0, 94, 425, 388, 27, 0.02%, 9, 0, 2, 167.77, 15521, 1690
103, 0, 94, 431, 394, 27, 0.02%, 9, 0, 2, 157.18, 16325, 1691
108, 0, 94, 435, 398, 27, 0.02%, 9, 0, 2, 144.66, 17065, 1695
114, 0, 94, 439, 402, 27, 0.02%, 10, 0, 2, 143.17, 17813, 1696
119, 0, 94, 440, 403, 27, 0.02%, 10, 0, 2, 139.46, 18542, 1697
124, 0, 94, 444, 407, 27, 0.02%, 11, 0, 2, 136.52, 19252, 1700
129, 0, 94, 445, 408, 27, 0.02%, 11, 0, 2, 134.49, 19937, 1700
134, 0, 94, 447, 410, 27, 0.02%, 12, 0, 2, 125.64, 20575, 1703
139, 0, 94, 451, 414, 27, 0.02%, 12, 0, 2, 122.51, 21199, 1703
145, 0, 94, 453, 416, 27, 0.02%, 12, 0, 2, 125.53, 21843, 1706
150, 0, 94, 454, 417, 27, 0.02%, 12, 0, 2, 123.65, 22458, 1707
155, 0, 94, 458, 421, 27, 0.02%, 13, 0, 2, 131.76, 23126, 1714
160, 0, 94, 458, 421, 27, 0.02%, 13, 0, 2, 137.29, 23844, 1714
165, 0, 94, 459, 422, 27, 0.02%, 13, 0, 2, 136.24, 24549, 1715
170, 0, 94, 460, 423, 27, 0.02%, 13, 0, 2, 137.77, 25262, 1716
175, 0, 94, 462, 425, 27, 0.02%, 14, 0, 2, 133.31, 25954, 1716
180, 0, 94, 464, 427, 27, 0.02%, 15, 0, 2, 133.81, 26650, 1720
186, 0, 94, 465, 428, 27, 0.02%, 15, 0, 2, 134.35, 27327, 1720
191, 0, 94, 467, 430, 27, 0.02%, 15, 0, 2, 128.04, 27983, 1732
196, 0, 94, 470, 433, 27, 0.02%, 15, 0, 2, 128.67, 28654, 1733
201, 0, 94, 473, 436, 27, 0.02%, 15, 0, 2, 108.04, 29215, 1733
206, 0, 94, 481, 444, 27, 0.02%, 16, 0, 2, 115.30, 29814, 1736
211, 0, 94, 485, 448, 27, 0.02%, 16, 0, 2, 118.44, 30417, 1737
216, 0, 94, 490, 453, 27, 0.02%, 16, 0, 2, 112.53, 30990, 1741
221, 0, 94, 496, 459, 27, 0.02%, 16, 0, 2, 109.59, 31542, 1742
226, 0, 94, 500, 463, 27, 0.02%, 16, 0, 2, 118.75, 32148, 1743
231, 0, 94, 504, 467, 27, 0.02%, 17, 0, 2, 121.90, 32778, 1743
237, 0, 94, 507, 470, 27, 0.02%, 17, 0, 2, 119.85, 33385, 1744
242, 0, 94, 509, 472, 27, 0.02%, 17, 0, 2, 104.82, 33915, 1745
247, 0, 94, 511, 474, 27, 0.02%, 17, 0, 2, 84.56, 34322, 1746
252, 0, 94, 511, 474, 27, 0.02%, 18, 0, 2, 90.32, 34780, 1746
257, 0, 94, 514, 477, 27, 0.02%, 18, 0, 2, 87.17, 35219, 1747
262, 0, 94, 517, 480, 27, 0.02%, 18, 0, 2, 92.16, 35696, 1749
267, 0, 94, 518, 481, 27, 0.02%, 18, 0, 2, 97.18, 36195, 1749
272, 0, 94, 546, 508, 26, 0.02%, 18, 0, 2, 87.76, 36658, 1763
278, 0, 94, 580, 542, 26, 0.02%, 18, 0, 2, 77.87, 37037, 1788
283, 0, 94, 614, 576, 26, 0.02%, 18, 0, 2, 69.47, 37363, 1807
288, 0, 603, 641, 603, 170, 0.02%, 18, 0, 2, 80.89, 37753, 1822
293, 0, 603, 643, 605, 170, 0.02%, 18, 0, 2, 110.01, 38365, 1824
298, 0, 603, 644, 606, 170, 0.02%, 18, 0, 2, 112.97, 38944, 1825
303, 0, 603, 645, 607, 170, 0.02%, 18, 0, 2, 123.22, 39591, 1825
308, 0, 603, 645, 607, 170, 0.02%, 18, 0, 2, 130.99, 40279, 1825
313, 0, 603, 645, 607, 170, 0.02%, 18, 0, 2, 130.54, 40961, 1825
319, 0, 603, 646, 608, 170, 0.02%, 18, 0, 2, 126.46, 41609, 1825
324, 0, 578, 646, 607, 172, 0.02%, 18, 0, 2, 103.11, 42100, 1825
329, 0, 578, 647, 608, 172, 0.02%, 18, 0, 2, 97.43, 42587, 1825
334, 0, 521, 647, 607, 171, 0.02%, 18, 0, 2, 99.04, 43093, 1825
339, 0, 521, 647, 607, 171, 0.02%, 18, 0, 2, 92.84, 43568, 1825
344, 0, 521, 648, 608, 171, 0.02%, 18, 0, 2, 97.55, 44062, 1825
349, 0, 521, 648, 608, 171, 0.02%, 18, 0, 2, 91.70, 44527, 1825
354, 0, 586, 648, 607, 170, 0.02%, 18, 0, 2, 93.63, 45004, 1825
360, 0, 586, 648, 607, 170, 0.02%, 18, 0, 2, 92.91, 45468, 1825
365, 0, 369, 649, 607, 170, 0.02%, 18, 0, 2, 67.40, 45811, 1827
370, 0, 369, 649, 607, 170, 0.02%, 18, 0, 2, 81.93, 46250, 1827
375, 0, 369, 649, 607, 170, 0.02%, 18, 0, 2, 85.72, 46696, 1827
380, 0, 369, 649, 607, 170, 0.02%, 18, 0, 2, 85.79, 47123, 1827
385, 0, 369, 649, 607, 170, 0.02%, 18, 0, 2, 88.76, 47577, 1827
390, 0, 96, 649, 606, 169, 0.02%, 18, 0, 2, 89.60, 48021, 1827
395, 0, 96, 649, 606, 169, 0.02%, 18, 0, 2, 87.24, 48459, 1827
401, 0, 96, 649, 606, 169, 0.02%, 18, 0, 2, 82.37, 48884, 1827
406, 0, 96, 653, 610, 169, 0.02%, 18, 0, 2, 81.42, 49293, 1827
411, 0, 96, 657, 614, 169, 0.02%, 18, 0, 2, 81.36, 49707, 1827
416, 0, 96, 657, 614, 169, 0.02%, 18, 0, 2, 82.42, 50129, 1827
421, 0, 96, 657, 614, 169, 0.02%, 18, 0, 2, 82.30, 50556, 1827
426, 0, 96, 657, 614, 169, 0.02%, 18, 0, 2, 86.61, 51006, 1827
431, 0, 96, 658, 615, 169, 0.02%, 18, 0, 2, 87.81, 51463, 1827
436, 0, 96, 658, 615, 169, 0.02%, 18, 0, 2, 89.60, 51925, 1827
442, 0, 96, 658, 615, 169, 0.02%, 18, 0, 2, 90.26, 52384, 1827
447, 0, 96, 659, 616, 169, 0.02%, 18, 0, 2, 89.51, 52845, 1827
452, 0, 96, 659, 616, 169, 0.02%, 18, 0, 2, 88.83, 53301, 1827
457, 0, 96, 659, 616, 169, 0.02%, 18, 0, 2, 87.80, 53751, 1827
462, 0, 96, 659, 616, 169, 0.02%, 18, 0, 2, 87.07, 54198, 1827
467, 0, 96, 659, 616, 169, 0.02%, 18, 0, 2, 88.21, 54650, 1827
472, 0, 96, 659, 616, 169, 0.02%, 18, 0, 2, 89.35, 55109, 1827
477, 0, 96, 660, 617, 169, 0.02%, 18, 0, 2, 89.41, 55564, 1827
483, 0, 96, 662, 619, 169, 0.02%, 18, 0, 2, 88.96, 56023, 1827
488, 0, 96, 662, 619, 169, 0.02%, 18, 0, 2, 87.99, 56473, 1827
493, 0, 96, 662, 619, 169, 0.02%, 18, 0, 2, 89.60, 56933, 1827
498, 0, 96, 662, 619, 169, 0.02%, 18, 0, 2, 89.91, 57392, 1827
503, 0, 96, 662, 619, 169, 0.02%, 18, 0, 2, 88.54, 57841, 1827
508, 0, 96, 662, 619, 169, 0.02%, 18, 0, 2, 86.83, 58286, 1827
513, 0, 96, 663, 620, 169, 0.02%, 18, 0, 2, 85.81, 58726, 1828
518, 0, 96, 663, 620, 169, 0.02%, 18, 0, 2, 85.91, 59168, 1828
524, 0, 96, 663, 620, 169, 0.02%, 18, 0, 2, 86.14, 59610, 1828
529, 0, 96, 663, 620, 169, 0.02%, 18, 0, 2, 86.17, 60056, 1828
534, 0, 96, 663, 620, 169, 0.02%, 18, 0, 2, 85.86, 60495, 1828
539, 0, 96, 663, 620, 169, 0.02%, 18, 0, 2, 88.08, 60948, 1828
544, 0, 96, 663, 620, 169, 0.02%, 19, 0, 2, 86.34, 61388, 1828
549, 0, 96, 663, 620, 169, 0.02%, 19, 0, 2, 85.27, 61825, 1828
554, 0, 96, 663, 620, 169, 0.02%, 19, 0, 2, 85.51, 62266, 1828
559, 0, 96, 663, 620, 169, 0.02%, 19, 0, 2, 86.36, 62711, 1828
565, 0, 96, 664, 621, 169, 0.02%, 19, 0, 2, 86.17, 63150, 1828
570, 0, 96, 665, 622, 169, 0.02%, 19, 0, 2, 85.85, 63592, 1828
575, 0, 96, 665, 622, 169, 0.02%, 19, 0, 2, 86.21, 64030, 1828
580, 0, 96, 665, 622, 169, 0.02%, 19, 0, 2, 85.31, 64471, 1828
585, 0, 96, 665, 622, 169, 0.02%, 19, 0, 2, 85.89, 64916, 1828
590, 0, 96, 665, 622, 169, 0.02%, 19, 0, 2, 86.75, 65364, 1828
595, 0, 96, 665, 622, 169, 0.02%, 19, 0, 2, 87.23, 65813, 1828
600, 0, 96, 665, 622, 169, 0.02%, 19, 0, 2, 87.52, 66262, 1828
606, 0, 96, 665, 622, 169, 0.02%, 19, 0, 2, 87.96, 66712, 1828
611, 0, 96, 665, 622, 169, 0.02%, 19, 0, 2, 87.56, 67162, 1828
616, 0, 96, 666, 623, 169, 0.02%, 19, 0, 2, 84.99, 67601, 1828
621, 0, 96, 666, 623, 169, 0.02%, 19, 0, 2, 87.65, 68053, 1828
626, 0, 96, 667, 624, 169, 0.02%, 19, 0, 2, 86.48, 68499, 1829
631, 0, 96, 667, 624, 169, 0.02%, 19, 0, 2, 86.02, 68946, 1829
636, 0, 96, 667, 624, 169, 0.02%, 19, 0, 2, 87.26, 69395, 1829
642, 0, 96, 667, 624, 169, 0.02%, 20, 0, 2, 87.58, 69843, 1829
647, 0, 96, 667, 624, 169, 0.02%, 20, 0, 2, 87.06, 70286, 1829
652, 0, 96, 667, 624, 169, 0.02%, 20, 0, 2, 86.49, 70730, 1829
657, 0, 96, 668, 625, 169, 0.02%, 20, 0, 2, 86.30, 71171, 1829
662, 0, 96, 669, 626, 169, 0.02%, 20, 0, 2, 85.57, 71608, 1829
667, 0, 96, 669, 626, 169, 0.02%, 20, 0, 2, 84.80, 72040, 1829
672, 0, 96, 669, 626, 169, 0.02%, 20, 0, 2, 84.76, 72475, 1829
678, 0, 96, 669, 626, 169, 0.02%, 20, 0, 2, 83.01, 72901, 1829
683, 0, 96, 670, 627, 169, 0.02%, 20, 0, 2, 84.22, 73323, 1830
688, 0, 96, 670, 627, 169, 0.02%, 20, 0, 2, 84.05, 73754, 1830
693, 0, 96, 670, 627, 169, 0.02%, 20, 0, 2, 85.66, 74195, 1830
698, 0, 96, 670, 627, 169, 0.02%, 20, 0, 2, 85.79, 74639, 1830
703, 0, 96, 670, 627, 169, 0.02%, 20, 0, 2, 85.37, 75078, 1830
708, 0, 96, 670, 627, 169, 0.02%, 20, 0, 2, 84.43, 75510, 1830
713, 0, 96, 671, 628, 169, 0.02%, 20, 0, 2, 84.31, 75946, 1830
719, 0, 96, 671, 628, 169, 0.02%, 20, 0, 2, 85.11, 76383, 1830
724, 0, 96, 671, 628, 169, 0.02%, 20, 0, 2, 84.55, 76818, 1830
729, 0, 96, 671, 628, 169, 0.02%, 20, 0, 2, 84.42, 77251, 1830
734, 0, 96, 671, 628, 169, 0.02%, 20, 0, 2, 84.62, 77682, 1830
739, 0, 96, 671, 628, 169, 0.02%, 20, 0, 2, 87.16, 78131, 1830
744, 0, 96, 671, 628, 169, 0.02%, 20, 0, 2, 85.68, 78563, 1830
749, 0, 96, 672, 629, 169, 0.02%, 20, 0, 2, 85.39, 78999, 1830
754, 0, 96, 672, 629, 169, 0.02%, 20, 0, 2, 87.10, 79446, 1830
760, 0, 96, 673, 630, 169, 0.02%, 20, 0, 2, 84.85, 79884, 1831
765, 0, 96, 673, 630, 169, 0.02%, 20, 0, 2, 85.52, 80325, 1831
770, 0, 96, 673, 630, 169, 0.02%, 20, 0, 2, 86.92, 80770, 1831
775, 0, 96, 673, 630, 169, 0.02%, 20, 0, 2, 87.41, 81218, 1831
780, 0, 96, 673, 630, 169, 0.02%, 20, 0, 2, 87.58, 81666, 1831
785, 0, 96, 676, 633, 169, 0.02%, 20, 0, 2, 85.70, 82100, 1832
790, 0, 96, 677, 634, 169, 0.02%, 20, 0, 2, 86.06, 82532, 1832
795, 0, 96, 680, 637, 169, 0.02%, 20, 0, 2, 83.48, 82956, 1832
800, 0, 641, 680, 636, 174, 0.02%, 20, 0, 2, 106.49, 83503, 1832
805, 0, 641, 680, 636, 174, 0.02%, 20, 0, 2, 118.62, 84114, 1832
810, 0, 549, 680, 635, 173, 0.02%, 20, 0, 2, 94.81, 84554, 1832
815, 0, 549, 686, 641, 173, 0.02%, 20, 0, 2, 91.22, 85007, 1834
821, 0, 549, 687, 642, 173, 0.02%, 20, 0, 2, 97.35, 85517, 1834
826, 0, 549, 688, 643, 173, 0.02%, 20, 0, 2, 96.74, 86009, 1835
831, 0, 549, 688, 643, 173, 0.02%, 20, 0, 2, 95.46, 86497, 1835
836, 0, 549, 688, 643, 173, 0.02%, 20, 0, 2, 98.23, 86997, 1835
841, 0, 549, 689, 644, 173, 0.02%, 20, 0, 2, 98.72, 87502, 1835
846, 0, 549, 691, 646, 173, 0.02%, 20, 0, 2, 98.27, 87995, 1835
851, 0, 549, 692, 647, 173, 0.02%, 20, 0, 2, 98.55, 88501, 1836
856, 0, 549, 692, 647, 173, 0.02%, 20, 0, 2, 97.51, 89000, 1836
862, 0, 549, 695, 650, 173, 0.02%, 20, 0, 2, 93.30, 89480, 1836
867, 0, 549, 696, 651, 173, 0.02%, 20, 0, 2, 96.77, 89978, 1836
872, 0, 549, 696, 651, 173, 0.02%, 20, 0, 2, 96.82, 90477, 1836
877, 0, 549, 696, 651, 173, 0.02%, 21, 0, 2, 97.84, 90982, 1836
882, 0, 549, 697, 652, 173, 0.02%, 21, 0, 2, 94.50, 91469, 1836
887, 0, 549, 698, 653, 173, 0.02%, 21, 0, 2, 96.62, 91969, 1836
892, 0, 549, 698, 653, 173, 0.02%, 21, 0, 2, 97.74, 92468, 1836
897, 0, 549, 698, 653, 173, 0.02%, 21, 0, 2, 98.12, 92969, 1836
902, 0, 549, 698, 653, 173, 0.02%, 21, 0, 2, 98.00, 93468, 1836
908, 0, 549, 699, 654, 173, 0.02%, 21, 0, 2, 97.64, 93966, 1836
913, 0, 549, 700, 655, 173, 0.02%, 21, 0, 2, 97.54, 94465, 1836
918, 0, 549, 700, 655, 173, 0.02%, 21, 0, 2, 97.46, 94964, 1836
923, 0, 549, 700, 655, 173, 0.02%, 21, 0, 2, 96.94, 95466, 1836
928, 0, 549, 700, 655, 173, 0.02%, 21, 0, 2, 97.53, 95967, 1836
933, 0, 549, 700, 655, 173, 0.02%, 21, 0, 2, 97.85, 96465, 1836
938, 0, 549, 700, 655, 173, 0.02%, 21, 0, 2, 96.42, 96961, 1836
943, 0, 549, 701, 656, 173, 0.02%, 21, 0, 2, 96.72, 97452, 1836
948, 0, 549, 701, 656, 173, 0.02%, 21, 0, 2, 96.41, 97942, 1836
954, 0, 549, 701, 656, 173, 0.02%, 21, 0, 2, 98.73, 98453, 1836
959, 0, 549, 701, 656, 173, 0.02%, 21, 0, 2, 98.78, 98960, 1836
964, 0, 549, 701, 656, 173, 0.02%, 21, 0, 2, 96.63, 99453, 1836
969, 0, 549, 702, 657, 173, 0.02%, 22, 0, 2, 98.54, 99956, 1836
974, 0, 549, 704, 659, 173, 0.02%, 22, 0, 2, 96.85, 100440, 1837
979, 0, 549, 704, 659, 173, 0.02%, 22, 0, 2, 96.94, 100934, 1837
984, 0, 549, 704, 659, 173, 0.02%, 22, 0, 2, 95.71, 101422, 1837
989, 0, 549, 704, 659, 173, 0.02%, 22, 0, 2, 96.18, 101915, 1837
995, 0, 549, 704, 659, 173, 0.02%, 22, 0, 2, 98.41, 102423, 1837
1000, 0, 549, 705, 660, 173, 0.02%, 22, 0, 2, 96.74, 102922, 1837
1005, 0, 549, 705, 660, 173, 0.02%, 22, 0, 2, 99.19, 103433, 1837
1010, 0, 549, 705, 660, 173, 0.02%, 22, 0, 2, 97.51, 103933, 1837
1015, 0, 549, 705, 660, 173, 0.02%, 22, 0, 2, 100.14, 104450, 1837
1020, 0, 549, 705, 660, 173, 0.02%, 23, 0, 2, 98.90, 104956, 1837
1025, 0, 549, 705, 660, 173, 0.02%, 23, 0, 2, 98.74, 105458, 1837
1030, 0, 549, 705, 660, 173, 0.02%, 23, 0, 2, 97.24, 105954, 1837
1036, 0, 549, 706, 661, 173, 0.02%, 23, 0, 2, 97.93, 106464, 1837
1041, 0, 549, 707, 662, 173, 0.02%, 23, 0, 2, 97.22, 106967, 1837
1046, 0, 549, 707, 662, 173, 0.02%, 23, 0, 2, 99.21, 107477, 1837
1051, 0, 549, 707, 662, 173, 0.02%, 23, 0, 2, 99.23, 107989, 1837
1056, 0, 549, 707, 662, 173, 0.02%, 23, 0, 2, 99.04, 108493, 1837
1061, 0, 549, 707, 662, 173, 0.02%, 23, 0, 2, 98.65, 108998, 1837
1066, 0, 549, 707, 662, 173, 0.02%, 23, 0, 2, 95.90, 109492, 1837
1072, 0, 604, 707, 661, 173, 0.02%, 23, 0, 2, 102.85, 110000, 1837
1077, 0, 604, 712, 666, 173, 0.02%, 23, 0, 2, 116.09, 110624, 1837
1082, 0, 604, 716, 670, 173, 0.02%, 23, 0, 2, 119.76, 111232, 1839
1087, 0, 604, 719, 673, 173, 0.02%, 23, 0, 2, 121.97, 111843, 1839
1092, 0, 604, 720, 674, 173, 0.02%, 23, 0, 2, 121.72, 112458, 1839
1097, 0, 604, 721, 675, 173, 0.02%, 23, 0, 2, 123.16, 113079, 1839
1102, 0, 604, 722, 676, 173, 0.02%, 23, 0, 2, 121.34, 113686, 1839
1107, 0, 604, 724, 678, 173, 0.02%, 23, 0, 2, 120.37, 114292, 1839
1112, 0, 604, 724, 678, 173, 0.02%, 23, 0, 2, 119.86, 114892, 1839
1117, 0, 604, 724, 678, 173, 0.02%, 23, 0, 2, 119.13, 115510, 1839
1122, 0, 604, 724, 678, 173, 0.02%, 23, 0, 2, 120.98, 116134, 1839
1127, 0, 604, 725, 679, 173, 0.02%, 23, 0, 2, 124.55, 116779, 1840
1133, 0, 604, 726, 680, 173, 0.02%, 23, 0, 2, 127.75, 117440, 1841
1138, 0, 604, 726, 680, 173, 0.02%, 23, 0, 2, 126.75, 118092, 1841
1143, 0, 604, 727, 681, 173, 0.02%, 23, 0, 2, 126.55, 118747, 1841
1148, 0, 604, 727, 681, 173, 0.02%, 23, 0, 2, 126.77, 119403, 1841
1153, 0, 604, 729, 683, 173, 0.02%, 23, 0, 2, 126.83, 120063, 1841
1159, 0, 604, 729, 683, 173, 0.02%, 23, 0, 2, 131.66, 120747, 1841
1164, 0, 604, 729, 683, 173, 0.02%, 23, 0, 2, 129.32, 121415, 1841
1169, 0, 604, 730, 684, 173, 0.02%, 23, 0, 2, 130.20, 122088, 1841
1174, 0, 604, 730, 684, 173, 0.02%, 23, 0, 2, 134.00, 122784, 1841
1179, 0, 604, 731, 685, 173, 0.02%, 23, 0, 2, 133.78, 123473, 1841
1184, 0, 604, 732, 686, 173, 0.02%, 23, 0, 2, 134.05, 124164, 1842
1190, 0, 604, 732, 686, 173, 0.02%, 23, 0, 2, 133.70, 124850, 1842
1195, 0, 604, 732, 686, 173, 0.02%, 23, 0, 2, 132.27, 125540, 1842
1200, 0, 604, 732, 686, 173, 0.02%, 23, 0, 2, 133.56, 126234, 1842
1205, 0, 604, 732, 686, 173, 0.02%, 23, 0, 2, 136.33, 126936, 1842
1210, 0, 604, 732, 686, 173, 0.02%, 23, 0, 2, 135.91, 127640, 1842
1215, 0, 604, 733, 687, 173, 0.02%, 23, 0, 2, 135.59, 128319, 1842
1220, 0, 604, 733, 687, 173, 0.02%, 23, 0, 2, 133.06, 129001, 1842
1226, 0, 604, 733, 687, 173, 0.02%, 23, 0, 2, 129.82, 129677, 1842
1231, 0, 604, 733, 687, 173, 0.02%, 23, 0, 2, 134.58, 130371, 1842
1236, 0, 604, 733, 687, 173, 0.02%, 23, 0, 2, 135.64, 131077, 1842
1241, 0, 604, 733, 687, 173, 0.02%, 23, 0, 2, 134.97, 131775, 1842
1246, 0, 604, 734, 688, 173, 0.02%, 23, 0, 2, 132.27, 132458, 1842
1251, 0, 604, 734, 688, 173, 0.02%, 23, 0, 2, 124.89, 133098, 1842
1257, 0, 604, 734, 688, 173, 0.02%, 23, 0, 2, 113.97, 133684, 1842
1262, 0, 604, 734, 688, 173, 0.02%, 23, 0, 2, 113.80, 134250, 1842
1267, 0, 604, 734, 688, 173, 0.02%, 23, 0, 2, 114.68, 134846, 1842
1272, 0, 604, 734, 688, 173, 0.02%, 23, 0, 2, 112.58, 135432, 1842
1277, 0, 604, 734, 688, 173, 0.02%, 23, 0, 2, 115.46, 136010, 1842
1282, 0, 604, 734, 688, 173, 0.02%, 23, 0, 2, 114.97, 136588, 1842
1287, 0, 604, 734, 688, 173, 0.02%, 23, 0, 2, 118.36, 137184, 1842
1292, 0, 604, 734, 688, 173, 0.02%, 23, 0, 2, 117.81, 137794, 1842
1297, 0, 604, 734, 688, 173, 0.02%, 23, 0, 2, 118.62, 138406, 1842
1303, 0, 604, 734, 688, 173, 0.02%, 23, 0, 2, 117.73, 139016, 1842
1308, 0, 604, 734, 688, 173, 0.02%, 23, 0, 2, 114.57, 139606, 1842
1313, 0, 604, 734, 688, 173, 0.02%, 23, 0, 2, 113.72, 140180, 1842
1318, 0, 604, 734, 688, 173, 0.02%, 23, 0, 2, 106.04, 140692, 1842
1323, 0, 604, 734, 688, 173, 0.02%, 23, 0, 2, 108.51, 141270, 1842
1328, 0, 604, 734, 688, 173, 0.02%, 23, 0, 2, 107.89, 141804, 1842
1333, 0, 604, 734, 688, 173, 0.02%, 23, 0, 2, 110.31, 142374, 1842
1338, 0, 604, 734, 688, 173, 0.02%, 23, 0, 2, 113.83, 142966, 1842
1343, 0, 604, 734, 688, 173, 0.02%, 23, 0, 2, 113.56, 143532, 1842
1349, 0, 519, 734, 687, 176, 0.02%, 23, 0, 2, 110.66, 144088, 1842
1354, 0, 519, 734, 687, 176, 0.02%, 23, 0, 2, 111.48, 144651, 1842
1359, 0, 333, 734, 686, 175, 0.02%, 23, 0, 2, 94.49, 145128, 1842
1364, 0, 333, 734, 686, 175, 0.02%, 23, 0, 2, 86.43, 145566, 1842
1369, 0, 333, 734, 686, 175, 0.02%, 23, 0, 2, 86.30, 146000, 1842
1374, 0, 333, 735, 687, 175, 0.02%, 23, 0, 3, 100.76, 146521, 1842
1379, 0, 492, 736, 687, 174, 0.02%, 23, 0, 3, 130.71, 147184, 1842
1382, 0, 492, 736, 687, 174, 0.02%, 23, 0, 3, 143.54, 147549, 1842
