# relative_time, cycles_done, cur_item, corpus_count, pending_total, pending_favs, map_size, saved_crashes, saved_hangs, max_depth, execs_per_sec, total_execs, edges_found
61, 0, 97, 315, 278, 29, 0.02%, 1, 0, 2, 100.05, 7162, 1609
66, 0, 97, 318, 281, 29, 0.02%, 1, 0, 2, 105.01, 7699, 1610
71, 0, 97, 323, 286, 29, 0.02%, 1, 0, 2, 102.85, 8228, 1613
76, 0, 97, 326, 289, 29, 0.02%, 1, 0, 2, 99.93, 8729, 1615
82, 0, 97, 330, 293, 29, 0.02%, 1, 0, 2, 99.45, 9238, 1622
87, 0, 97, 336, 299, 29, 0.02%, 1, 0, 2, 105.96, 9799, 1623
92, 0, 97, 340, 303, 29, 0.02%, 1, 0, 2, 108.58, 10359, 1633
97, 0, 97, 344, 307, 29, 0.02%, 1, 0, 2, 103.04, 10867, 1633
102, 0, 97, 346, 309, 29, 0.02%, 1, 0, 2, 92.97, 11344, 1635
107, 0, 97, 349, 312, 29, 0.02%, 1, 0, 2, 94.79, 11806, 1635
112, 0, 97, 354, 317, 29, 0.02%, 1, 0, 2, 94.77, 12283, 1636
117, 0, 97, 362, 325, 29, 0.02%, 1, 0, 2, 98.52, 12786, 1647
122, 0, 97, 364, 327, 29, 0.02%, 1, 0, 2, 105.27, 13319, 1649
127, 0, 97, 368, 331, 29, 0.02%, 1, 0, 2, 106.42, 13849, 1653
132, 0, 97, 370, 333, 29, 0.02%, 1, 0, 2, 106.63, 14385, 1653
137, 0, 97, 370, 333, 29, 0.02%, 1, 0, 2, 98.64, 14884, 1653
142, 0, 97, 375, 338, 29, 0.02%, 1, 0, 2, 92.00, 15335, 1654
148, 0, 97, 377, 340, 29, 0.02%, 1, 0, 2, 95.25, 15825, 1657
153, 0, 97, 387, 349, 28, 0.02%, 1, 0, 2, 89.82, 16280, 1659
158, 0, 97, 422, 384, 28, 0.02%, 1, 0, 2, 72.88, 16622, 1671
163, 0, 97, 466, 428, 28, 0.02%, 1, 0, 2, 71.31, 16987, 1718
168, 0, 97, 509, 471, 28, 0.02%, 1, 0, 2, 68.05, 17332, 1767
173, 0, 414, 550, 512, 168, 0.02%, 1, 0, 2, 65.42, 17665, 1797
178, 0, 414, 550, 512, 168, 0.02%, 1, 0, 2, 87.36, 18141, 1797
184, 0, 438, 551, 512, 168, 0.02%, 1, 0, 2, 93.30, 18633, 1798
189, 0, 438, 553, 514, 168, 0.02%, 1, 0, 2, 118.83, 19272, 1799
194, 0, 438, 569, 530, 168, 0.02%, 1, 0, 2, 119.32, 19868, 1804
199, 0, 438, 572, 533, 168, 0.02%, 1, 0, 2, 135.13, 20559, 1805
204, 0, 438, 575, 536, 168, 0.02%, 1, 0, 2, 136.54, 21258, 1806
209, 0, 438, 577, 538, 168, 0.02%, 1, 0, 2, 144.83, 21994, 1806
214, 0, 438, 578, 539, 168, 0.02%, 1, 0, 2, 137.78, 22675, 1806
219, 0, 438, 579, 540, 168, 0.02%, 1, 0, 2, 138.48, 23354, 1806
224, 0, 438, 579, 540, 168, 0.02%, 1, 0, 2, 101.35, 23870, 1806
229, 0, 438, 580, 541, 168, 0.02%, 1, 0, 2, 124.92, 24517, 1807
234, 0, 438, 580, 541, 168, 0.02%, 1, 0, 2, 126.22, 25191, 1807
239, 0, 438, 582, 543, 168, 0.02%, 1, 0, 2, 124.27, 25809, 1807
244, 0, 438, 583, 544, 168, 0.02%, 1, 0, 2, 120.57, 26404, 1807
249, 0, 438, 583, 544, 168, 0.02%, 1, 0, 2, 127.39, 27070, 1807
255, 0, 438, 583, 544, 168, 0.02%, 1, 0, 2, 127.33, 27730, 1807
260, 0, 438, 584, 545, 168, 0.02%, 1, 0, 2, 120.49, 28357, 1807
265, 0, 438, 584, 545, 168, 0.02%, 1, 0, 2, 121.77, 28989, 1807
270, 0, 438, 584, 545, 168, 0.02%, 1, 0, 2, 113.74, 29573, 1807
275, 0, 438, 584, 545, 168, 0.02%, 1, 0, 2, 111.89, 30129, 1807
280, 0, 438, 584, 545, 168, 0.02%, 1, 0, 2, 116.71, 30739, 1807
285, 0, 438, 584, 545, 168, 0.02%, 1, 0, 2, 123.80, 31385, 1807
291, 0, 438, 584, 545, 168, 0.02%, 1, 0, 2, 126.28, 32043, 1807
296, 0, 438, 584, 545, 168, 0.02%, 1, 0, 2, 125.66, 32691, 1807
301, 0, 438, 584, 545, 168, 0.02%, 1, 0, 2, 122.86, 33307, 1807
306, 0, 438, 584, 545, 168, 0.02%, 1, 0, 2, 124.06, 33945, 1807
311, 0, 438, 584, 545, 168, 0.02%, 1, 0, 2, 124.48, 34591, 1807
316, 0, 438, 585, 546, 168, 0.02%, 1, 0, 2, 124.38, 35214, 1808
321, 0, 438, 585, 546, 168, 0.02%, 1, 0, 2, 122.63, 35826, 1808
326, 0, 100, 587, 547, 176, 0.02%, 1, 0, 2, 104.04, 36360, 1808
331, 0, 100, 587, 547, 176, 0.02%, 1, 0, 2, 89.30, 36805, 1808
336, 0, 100, 587, 547, 176, 0.02%, 1, 0, 2, 87.55, 37250, 1808
342, 0, 100, 587, 547, 176, 0.02%, 1, 0, 2, 82.29, 37668, 1808
347, 0, 100, 601, 561, 176, 0.02%, 1, 0, 2, 80.28, 38072, 1812
352, 0, 100, 602, 562, 176, 0.02%, 1, 0, 2, 87.06, 38516, 1812
357, 0, 100, 603, 563, 176, 0.02%, 1, 0, 2, 89.18, 38974, 1812
362, 0, 100, 604, 564, 176, 0.02%, 1, 0, 2, 87.56, 39424, 1812
367, 0, 100, 605, 565, 176, 0.02%, 1, 0, 2, 87.72, 39876, 1812
372, 0, 100, 607, 567, 176, 0.02%, 1, 0, 2, 87.18, 40313, 1812
377, 0, 100, 608, 568, 176, 0.02%, 1, 0, 2, 87.39, 40750, 1812
382, 0, 100, 608, 568, 176, 0.02%, 1, 0, 2, 87.44, 41196, 1812
387, 0, 100, 608, 568, 176, 0.02%, 1, 0, 2, 85.49, 41637, 1812
393, 0, 100, 608, 568, 176, 0.02%, 1, 0, 2, 86.60, 42082, 1812
398, 0, 100, 608, 568, 176, 0.02%, 3, 0, 2, 86.29, 42529, 1812
403, 0, 100, 608, 568, 176, 0.02%, 3, 0, 2, 87.37, 42980, 1812
408, 0, 100, 610, 570, 176, 0.02%, 3, 0, 2, 85.73, 43408, 1814
413, 0, 100, 610, 570, 176, 0.02%, 3, 0, 2, 86.98, 43857, 1814
418, 0, 100, 610, 570, 176, 0.02%, 3, 0, 2, 87.51, 44302, 1814
423, 0, 100, 610, 570, 176, 0.02%, 3, 0, 2, 87.13, 44747, 1814
428, 0, 100, 610, 570, 176, 0.02%, 3, 0, 2, 86.92, 45190, 1814
433, 0, 100, 610, 570, 176, 0.02%, 3, 0, 2, 87.93, 45640, 1814
439, 0, 100, 610, 570, 176, 0.02%, 3, 0, 2, 86.65, 46084, 1814
444, 0, 100, 610, 570, 176, 0.02%, 3, 0, 2, 86.62, 46530, 1814
449, 0, 100, 610, 570, 176, 0.02%, 3, 0, 2, 88.83, 46985, 1814
454, 0, 100, 610, 570, 176, 0.02%, 4, 0, 2, 86.72, 47429, 1814
459, 0, 100, 610, 570, 176, 0.02%, 4, 0, 2, 87.65, 47879, 1814
464, 0, 100, 610, 570, 176, 0.02%, 4, 0, 2, 87.62, 48324, 1814
469, 0, 100, 610, 570, 176, 0.02%, 4, 0, 2, 86.86, 48769, 1814
474, 0, 100, 610, 570, 176, 0.02%, 4, 0, 2, 86.52, 49212, 1814
479, 0, 100, 610, 570, 176, 0.02%, 5, 0, 2, 87.24, 49658, 1814
485, 0, 100, 610, 570, 176, 0.02%, 5, 0, 2, 87.75, 50111, 1814
490, 0, 94, 610, 569, 180, 0.02%, 5, 0, 2, 94.20, 50612, 1814
495, 0, 94, 610, 569, 180, 0.02%, 5, 0, 2, 86.90, 51047, 1814
500, 0, 94, 610, 569, 180, 0.02%, 5, 0, 2, 85.52, 51487, 1814
505, 0, 94, 620, 579, 180, 0.02%, 5, 0, 2, 76.79, 51880, 1816
510, 0, 94, 639, 598, 180, 0.02%, 6, 0, 2, 75.35, 52268, 1824
516, 0, 94, 649, 608, 180, 0.02%, 7, 0, 2, 80.23, 52685, 1826
521, 0, 94, 656, 615, 180, 0.02%, 7, 0, 2, 82.88, 53103, 1827
526, 0, 94, 658, 617, 180, 0.02%, 7, 0, 2, 82.09, 53529, 1827
531, 0, 94, 665, 624, 180, 0.02%, 8, 0, 2, 82.09, 53943, 1831
536, 0, 94, 665, 624, 180, 0.02%, 8, 0, 2, 84.82, 54382, 1831
541, 0, 94, 667, 626, 180, 0.02%, 8, 0, 2, 85.61, 54815, 1831
546, 0, 94, 669, 628, 180, 0.02%, 8, 0, 2, 85.52, 55254, 1831
551, 0, 94, 670, 629, 180, 0.02%, 8, 0, 2, 86.45, 55687, 1831
556, 0, 94, 670, 629, 180, 0.02%, 8, 0, 2, 86.38, 56129, 1831
562, 0, 94, 671, 630, 180, 0.02%, 9, 0, 2, 86.69, 56577, 1831
567, 0, 94, 672, 631, 180, 0.02%, 9, 0, 2, 86.58, 57021, 1831
572, 0, 94, 673, 632, 180, 0.02%, 9, 0, 2, 85.28, 57453, 1831
577, 0, 94, 676, 635, 180, 0.02%, 10, 0, 2, 85.24, 57877, 1832
582, 0, 94, 676, 635, 180, 0.02%, 10, 0, 2, 87.10, 58327, 1832
587, 0, 94, 676, 635, 180, 0.02%, 10, 0, 2, 86.07, 58768, 1832
592, 0, 94, 679, 638, 180, 0.02%, 11, 0, 2, 85.60, 59206, 1833
597, 0, 94, 679, 638, 180, 0.02%, 11, 0, 2, 85.97, 59650, 1833
602, 0, 94, 679, 638, 180, 0.02%, 11, 0, 2, 85.28, 60092, 1833
607, 0, 94, 680, 639, 180, 0.02%, 11, 0, 2, 85.56, 60521, 1840
613, 0, 94, 681, 640, 180, 0.02%, 11, 0, 2, 86.94, 60960, 1840
618, 0, 94, 681, 640, 180, 0.02%, 11, 0, 2, 85.24, 61395, 1840
623, 0, 94, 682, 641, 180, 0.02%, 11, 0, 2, 87.39, 61843, 1840
628, 0, 94, 682, 641, 180, 0.02%, 11, 0, 2, 86.61, 62284, 1840
633, 0, 94, 684, 643, 180, 0.02%, 11, 0, 2, 86.93, 62733, 1841
638, 0, 94, 684, 643, 180, 0.02%, 11, 0, 2, 88.48, 63183, 1841
643, 0, 94, 685, 644, 180, 0.02%, 11, 0, 2, 87.23, 63634, 1841
648, 0, 94, 685, 644, 180, 0.02%, 11, 0, 2, 88.40, 64089, 1841
654, 0, 94, 685, 644, 180, 0.02%, 11, 0, 2, 86.62, 64534, 1841
659, 0, 354, 685, 643, 188, 0.02%, 11, 0, 2, 102.95, 65070, 1841
664, 0, 354, 685, 643, 188, 0.02%, 11, 0, 2, 117.19, 65689, 1841
669, 0, 263, 685, 642, 187, 0.02%, 11, 0, 2, 102.75, 66205, 1841
674, 0, 263, 685, 642, 187, 0.02%, 11, 0, 2, 94.83, 66671, 1841
679, 0, 280, 685, 641, 186, 0.02%, 11, 0, 2, 93.34, 67143, 1841
684, 0, 280, 688, 644, 186, 0.02%, 11, 0, 3, 92.10, 67602, 1841
689, 0, 280, 691, 647, 186, 0.02%, 11, 0, 3, 95.82, 68092, 1842
695, 0, 280, 691, 647, 186, 0.02%, 11, 0, 3, 97.01, 68592, 1842
700, 0, 280, 693, 649, 186, 0.02%, 11, 0, 3, 98.70, 69096, 1842
705, 0, 280, 694, 650, 186, 0.02%, 11, 0, 3, 98.32, 69597, 1842
710, 0, 280, 694, 650, 186, 0.02%, 11, 0, 3, 99.10, 70106, 1842
715, 0, 280, 695, 651, 186, 0.02%, 11, 0, 3, 97.60, 70608, 1842
720, 0, 280, 695, 651, 186, 0.02%, 11, 0, 3, 99.66, 71118, 1842
725, 0, 280, 696, 652, 186, 0.02%, 11, 0, 3, 98.81, 71608, 1843
730, 0, 280, 696, 652, 186, 0.02%, 11, 0, 3, 96.79, 72099, 1843
735, 0, 280, 697, 653, 186, 0.02%, 11, 0, 3, 96.73, 72595, 1844
740, 0, 280, 697, 653, 186, 0.02%, 11, 0, 3, 95.94, 73083, 1844
746, 0, 280, 697, 653, 186, 0.02%, 11, 0, 3, 96.71, 73579, 1844
751, 0, 280, 697, 653, 186, 0.02%, 11, 0, 3, 97.49, 74081, 1844
756, 0, 280, 697, 653, 186, 0.02%, 11, 0, 3, 95.71, 74566, 1844
761, 0, 280, 698, 654, 186, 0.02%, 11, 0, 3, 95.36, 75053, 1844
766, 0, 280, 698, 654, 186, 0.02%, 11, 0, 3, 96.45, 75545, 1844
771, 0, 280, 698, 654, 186, 0.02%, 11, 0, 3, 96.55, 76042, 1844
776, 0, 280, 698, 654, 186, 0.02%, 11, 0, 3, 97.97, 76537, 1844
781, 0, 280, 698, 654, 186, 0.02%, 11, 0, 3, 96.50, 77024, 1844
786, 0, 280, 698, 654, 186, 0.02%, 11, 0, 3, 97.70, 77527, 1844
792, 0, 280, 698, 654, 186, 0.02%, 11, 0, 3, 96.60, 78021, 1844
797, 0, 280, 698, 654, 186, 0.02%, 11, 0, 3, 97.71, 78521, 1844
802, 0, 280, 698, 654, 186, 0.02%, 11, 0, 3, 96.21, 79012, 1844
807, 0, 280, 699, 655, 186, 0.02%, 11, 0, 3, 95.52, 79499, 1844
812, 0, 280, 699, 655, 186, 0.02%, 11, 0, 3, 98.00, 80004, 1844
817, 0, 280, 699, 655, 186, 0.02%, 11, 0, 3, 98.21, 80504, 1844
822, 0, 280, 699, 655, 186, 0.02%, 11, 0, 3, 97.59, 81002, 1844
827, 0, 280, 699, 655, 186, 0.02%, 11, 0, 3, 96.23, 81497, 1844
833, 0, 280, 699, 655, 186, 0.02%, 11, 0, 3, 95.59, 81986, 1844
838, 0, 280, 699, 655, 186, 0.02%, 11, 0, 3, 96.38, 82478, 1844
843, 0, 280, 700, 656, 186, 0.02%, 11, 0, 3, 95.68, 82968, 1844
848, 0, 280, 700, 656, 186, 0.02%, 11, 0, 3, 95.25, 83455, 1844
853, 0, 280, 700, 656, 186, 0.02%, 11, 0, 3, 96.75, 83947, 1844
858, 0, 507, 701, 656, 188, 0.02%, 11, 0, 3, 91.36, 84401, 1844
863, 0, 507, 701, 656, 188, 0.02%, 11, 0, 3, 89.15, 84855, 1844
868, 0, 507, 702, 657, 188, 0.02%, 11, 0, 3, 88.48, 85305, 1844
873, 0, 496, 702, 656, 188, 0.02%, 11, 0, 3, 98.91, 85810, 1844
879, 0, 496, 702, 656, 188, 0.02%, 11, 0, 3, 113.78, 86420, 1844
884, 0, 496, 708, 662, 188, 0.02%, 11, 0, 3, 113.66, 86999, 1847
889, 0, 496, 710, 664, 188, 0.02%, 11, 0, 3, 119.09, 87627, 1847
894, 0, 496, 712, 666, 188, 0.02%, 11, 0, 3, 119.25, 88227, 1849
899, 0, 496, 712, 666, 188, 0.02%, 11, 0, 3, 122.38, 88843, 1849
904, 0, 496, 713, 667, 188, 0.02%, 11, 0, 3, 120.87, 89454, 1850
909, 0, 496, 713, 667, 188, 0.02%, 11, 0, 3, 122.46, 90088, 1850
914, 0, 496, 713, 667, 188, 0.02%, 11, 0, 3, 122.89, 90722, 1850
920, 0, 496, 713, 667, 188, 0.02%, 11, 0, 3, 121.81, 91354, 1850
925, 0, 496, 713, 667, 188, 0.02%, 11, 0, 3, 122.84, 91994, 1850
930, 0, 496, 713, 667, 188, 0.02%, 11, 0, 3, 122.41, 92604, 1850
935, 0, 496, 714, 668, 188, 0.02%, 11, 0, 3, 120.99, 93211, 1850
940, 0, 496, 714, 668, 188, 0.02%, 11, 0, 3, 121.74, 93843, 1850
945, 0, 496, 714, 668, 188, 0.02%, 11, 0, 3, 121.41, 94471, 1850
950, 0, 496, 714, 668, 188, 0.02%, 11, 0, 3, 121.50, 95097, 1850
955, 0, 496, 716, 670, 188, 0.02%, 11, 0, 3, 118.52, 95711, 1853
961, 0, 496, 717, 671, 188, 0.02%, 11, 0, 3, 119.78, 96332, 1854
966, 0, 496, 717, 671, 188, 0.02%, 11, 0, 3, 115.87, 96910, 1854
971, 0, 496, 717, 671, 188, 0.02%, 11, 0, 3, 116.82, 97496, 1854
976, 0, 496, 717, 671, 188, 0.02%, 11, 0, 3, 116.07, 98080, 1854
981, 0, 496, 718, 672, 188, 0.02%, 11, 0, 3, 119.43, 98701, 1855
986, 0, 496, 718, 672, 188, 0.02%, 11, 0, 3, 123.11, 99345, 1855
991, 0, 496, 719, 673, 188, 0.02%, 11, 0, 3, 124.35, 99992, 1858
996, 0, 496, 719, 673, 188, 0.02%, 11, 0, 3, 123.00, 100626, 1858
1002, 0, 496, 719, 673, 188, 0.02%, 11, 0, 3, 124.04, 101270, 1858
1007, 0, 496, 719, 673, 188, 0.02%, 11, 0, 3, 123.62, 101914, 1858
1012, 0, 496, 720, 674, 188, 0.02%, 11, 0, 3, 125.31, 102543, 1858
1017, 0, 496, 721, 675, 188, 0.02%, 11, 0, 3, 127.33, 103187, 1858
1022, 0, 575, 721, 674, 193, 0.02%, 11, 0, 3, 122.61, 103794, 1858
1027, 0, 575, 723, 676, 193, 0.02%, 11, 0, 3, 125.73, 104445, 1858
1032, 0, 95, 723, 675, 192, 0.02%, 11, 0, 3, 97.56, 104904, 1858
1037, 0, 95, 723, 675, 192, 0.02%, 11, 0, 3, 91.03, 105361, 1858
1042, 0, 95, 723, 675, 192, 0.02%, 11, 0, 3, 89.78, 105813, 1858
1047, 0, 362, 723, 674, 191, 0.02%, 11, 0, 3, 103.44, 106382, 1858
1053, 0, 362, 724, 675, 191, 0.02%, 11, 0, 3, 97.98, 106883, 1858
1058, 0, 637, 724, 674, 190, 0.02%, 11, 0, 3, 92.98, 107377, 1858
1063, 0, 637, 724, 674, 190, 0.02%, 11, 0, 3, 91.15, 107838, 1858
1068, 0, 637, 724, 674, 190, 0.02%, 11, 0, 3, 88.55, 108286, 1858
1073, 0, 637, 725, 675, 190, 0.02%, 11, 0, 3, 103.67, 108815, 1858
1078, 0, 574, 725, 674, 190, 0.02%, 11, 0, 3, 121.90, 109457, 1858
1084, 0, 134, 725, 673, 189, 0.02%, 11, 0, 3, 113.76, 110070, 1858
1089, 0, 134, 725, 673, 189, 0.02%, 11, 0, 3, 99.57, 110553, 1858
1094, 0, 569, 726, 673, 188, 0.02%, 11, 0, 3, 106.59, 111096, 1858
1099, 0, 569, 726, 673, 188, 0.02%, 11, 0, 3, 127.76, 111786, 1858
1104, 0, 299, 726, 672, 186, 0.02%, 11, 0, 3, 109.39, 112322, 1858
1109, 0, 299, 726, 672, 186, 0.02%, 11, 0, 3, 99.69, 112815, 1858
1114, 0, 157, 726, 671, 185, 0.02%, 11, 0, 3, 108.61, 113365, 1858
1119, 0, 19, 726, 670, 184, 0.02%, 11, 0, 3, 96.83, 113866, 1858
1125, 0, 19, 726, 670, 184, 0.02%, 11, 0, 3, 84.77, 114290, 1858
1130, 0, 19, 726, 670, 184, 0.02%, 11, 0, 3, 81.69, 114701, 1858
1135, 0, 19, 726, 670, 184, 0.02%, 11, 0, 3, 81.87, 115122, 1858
1140, 0, 19, 734, 678, 184, 0.02%, 11, 0, 3, 78.06, 115521, 1859
1145, 0, 19, 740, 684, 184, 0.02%, 11, 0, 3, 78.93, 115919, 1860
1150, 0, 19, 744, 688, 184, 0.02%, 11, 0, 3, 80.16, 116334, 1860
1155, 0, 19, 744, 688, 184, 0.02%, 12, 0, 3, 81.90, 116759, 1860
1161, 0, 19, 746, 690, 184, 0.02%, 12, 0, 3, 81.28, 117171, 1861
1166, 0, 19, 746, 690, 184, 0.02%, 13, 0, 3, 80.22, 117582, 1861
1171, 0, 19, 749, 693, 184, 0.02%, 13, 0, 3, 78.66, 117985, 1861
1176, 0, 19, 750, 694, 184, 0.02%, 14, 0, 3, 75.75, 118366, 1861
1181, 0, 19, 752, 696, 184, 0.02%, 14, 0, 3, 78.19, 118765, 1861
1186, 0, 19, 752, 696, 184, 0.02%, 14, 0, 3, 76.58, 119155, 1861
1191, 0, 19, 753, 697, 184, 0.02%, 14, 0, 3, 77.91, 119548, 1861
1196, 0, 19, 753, 697, 184, 0.02%, 14, 0, 3, 79.59, 119959, 1861
1202, 0, 19, 754, 698, 184, 0.02%, 14, 0, 3, 78.68, 120361, 1861
1207, 0, 19, 754, 698, 184, 0.02%, 14, 0, 3, 80.28, 120774, 1861
1212, 0, 19, 755, 699, 184, 0.02%, 14, 0, 3, 80.20, 121183, 1861
1217, 0, 19, 756, 700, 184, 0.02%, 14, 0, 3, 84.64, 121624, 1861
1222, 0, 19, 757, 701, 184, 0.02%, 14, 0, 3, 82.14, 122049, 1861
1227, 0, 19, 758, 702, 184, 0.02%, 14, 0, 3, 84.55, 122466, 1861
1232, 0, 19, 758, 702, 184, 0.02%, 15, 0, 3, 90.88, 122938, 1861
1237, 0, 19, 758, 702, 184, 0.02%, 15, 0, 3, 113.92, 123503, 1861
1243, 0, 19, 759, 703, 184, 0.02%, 15, 0, 3, 156.97, 124331, 1861
1248, 0, 19, 760, 704, 184, 0.02%, 15, 0, 3, 193.67, 125331, 1861
1252, 0, 19, 760, 704, 184, 0.02%, 15, 0, 3, 221.42, 126251, 1861
