# relative_time, cycles_done, cur_item, corpus_count, pending_total, pending_favs, map_size, saved_crashes, saved_hangs, max_depth, execs_per_sec, total_execs, edges_found
61, 0, 97, 366, 329, 30, 0.02%, 0, 0, 2, 167.59, 11263, 1624
66, 0, 97, 372, 335, 30, 0.02%, 0, 0, 2, 176.55, 12148, 1624
71, 0, 97, 378, 341, 30, 0.02%, 0, 0, 2, 189.28, 13117, 1627
76, 0, 97, 387, 350, 30, 0.02%, 0, 0, 2, 187.62, 14071, 1642
81, 0, 97, 392, 355, 30, 0.02%, 0, 0, 2, 192.04, 15057, 1657
86, 0, 97, 394, 357, 30, 0.02%, 0, 0, 2, 149.20, 15791, 1659
91, 0, 97, 397, 360, 30, 0.02%, 0, 0, 2, 173.74, 16682, 1659
96, 0, 97, 401, 364, 30, 0.02%, 0, 0, 2, 172.78, 17550, 1659
101, 0, 97, 405, 368, 30, 0.02%, 0, 0, 2, 186.82, 18532, 1659
106, 0, 97, 408, 371, 30, 0.02%, 0, 0, 2, 193.52, 19543, 1659
112, 0, 97, 410, 373, 30, 0.02%, 0, 0, 2, 179.00, 20493, 1660
117, 0, 97, 410, 373, 30, 0.02%, 0, 0, 2, 169.70, 21336, 1660
122, 0, 97, 413, 376, 30, 0.02%, 0, 0, 2, 166.64, 22182, 1660
127, 0, 97, 413, 376, 30, 0.02%, 0, 0, 2, 159.08, 22986, 1660
132, 0, 97, 415, 378, 30, 0.02%, 0, 0, 2, 155.75, 23771, 1661
137, 0, 97, 417, 380, 30, 0.02%, 0, 0, 2, 153.33, 24523, 1663
142, 0, 97, 418, 381, 30, 0.02%, 0, 0, 2, 143.63, 25237, 1663
147, 0, 97, 420, 383, 30, 0.02%, 1, 0, 2, 138.65, 25941, 1663
152, 0, 97, 421, 384, 30, 0.02%, 1, 0, 2, 142.56, 26666, 1663
157, 0, 97, 421, 384, 30, 0.02%, 1, 0, 2, 141.80, 27398, 1663
162, 0, 97, 424, 387, 30, 0.02%, 1, 0, 2, 151.11, 28172, 1663
167, 0, 97, 428, 391, 30, 0.02%, 1, 0, 2, 156.17, 28962, 1663
173, 0, 97, 450, 412, 29, 0.02%, 1, 0, 2, 139.48, 29673, 1671
178, 0, 97, 519, 481, 29, 0.02%, 1, 0, 2, 116.91, 30250, 1736
183, 0, 180, 558, 520, 165, 0.02%, 1, 0, 2, 144.78, 30933, 1782
188, 0, 225, 558, 519, 164, 0.02%, 1, 0, 2, 166.93, 31886, 1782
193, 0, 225, 558, 519, 164, 0.02%, 1, 0, 2, 159.13, 32662, 1782
198, 0, 386, 558, 518, 163, 0.02%, 1, 0, 2, 141.96, 33363, 1782
203, 0, 386, 562, 522, 163, 0.02%, 1, 0, 3, 144.71, 34082, 1787
208, 0, 386, 563, 523, 163, 0.02%, 1, 0, 3, 130.79, 34769, 1788
214, 0, 386, 563, 523, 163, 0.02%, 1, 0, 3, 135.72, 35453, 1788
219, 0, 386, 564, 524, 163, 0.02%, 1, 0, 3, 134.30, 36140, 1788
224, 0, 386, 566, 526, 163, 0.02%, 1, 0, 3, 115.73, 36730, 1789
229, 0, 386, 567, 527, 163, 0.02%, 1, 0, 3, 107.16, 37251, 1790
234, 0, 386, 567, 527, 163, 0.02%, 1, 0, 3, 114.55, 37847, 1790
239, 0, 386, 567, 527, 163, 0.02%, 1, 0, 3, 115.50, 38441, 1790
244, 0, 386, 567, 527, 163, 0.02%, 1, 0, 3, 108.95, 38985, 1790
249, 0, 386, 568, 528, 163, 0.02%, 1, 0, 3, 101.52, 39514, 1791
254, 0, 386, 568, 528, 163, 0.02%, 1, 0, 3, 91.20, 39979, 1791
260, 0, 386, 568, 528, 163, 0.02%, 1, 0, 3, 98.35, 40484, 1791
265, 0, 386, 569, 529, 163, 0.02%, 1, 0, 3, 97.81, 40975, 1791
270, 0, 386, 569, 529, 163, 0.02%, 1, 0, 3, 105.64, 41529, 1791
275, 0, 386, 569, 529, 163, 0.02%, 1, 0, 3, 107.46, 42071, 1791
280, 0, 386, 569, 529, 163, 0.02%, 1, 0, 3, 108.21, 42629, 1791
285, 0, 386, 570, 530, 163, 0.02%, 1, 0, 3, 102.11, 43148, 1791
290, 0, 386, 571, 531, 163, 0.02%, 1, 0, 3, 87.12, 43598, 1791
295, 0, 386, 571, 531, 163, 0.02%, 1, 0, 3, 97.07, 44108, 1791
301, 0, 386, 571, 531, 163, 0.02%, 1, 0, 3, 95.39, 44597, 1791
306, 0, 386, 571, 531, 163, 0.02%, 1, 0, 3, 88.15, 45045, 1791
311, 0, 386, 572, 532, 163, 0.02%, 1, 0, 3, 94.84, 45533, 1791
316, 0, 386, 573, 533, 163, 0.02%, 1, 0, 3, 100.47, 46057, 1791
321, 0, 386, 573, 533, 163, 0.02%, 1, 0, 3, 102.69, 46579, 1791
326, 0, 386, 574, 534, 163, 0.02%, 1, 0, 3, 95.64, 47059, 1791
331, 0, 386, 574, 534, 163, 0.02%, 1, 0, 3, 100.57, 47578, 1791
336, 0, 386, 574, 534, 163, 0.02%, 1, 0, 3, 101.90, 48112, 1791
341, 0, 386, 574, 534, 163, 0.02%, 1, 0, 3, 101.94, 48618, 1791
347, 0, 386, 574, 534, 163, 0.02%, 1, 0, 3, 99.91, 49122, 1791
352, 0, 386, 574, 534, 163, 0.02%, 1, 0, 3, 100.08, 49630, 1791
357, 0, 386, 575, 535, 163, 0.02%, 1, 0, 3, 101.21, 50154, 1792
362, 0, 386, 575, 535, 163, 0.02%, 1, 0, 3, 96.30, 50637, 1792
367, 0, 386, 575, 535, 163, 0.02%, 1, 0, 3, 96.96, 51135, 1792
372, 0, 386, 576, 536, 163, 0.02%, 1, 0, 3, 80.63, 51489, 1792
377, 0, 386, 576, 536, 163, 0.02%, 1, 0, 3, 96.67, 52009, 1792
382, 0, 386, 576, 536, 163, 0.02%, 1, 0, 3, 94.02, 52500, 1792
387, 0, 386, 576, 536, 163, 0.02%, 1, 0, 3, 93.95, 52992, 1792
392, 0, 386, 578, 538, 163, 0.02%, 1, 0, 3, 94.90, 53459, 1792
398, 0, 386, 578, 538, 163, 0.02%, 1, 0, 3, 98.08, 53957, 1792
403, 0, 386, 579, 539, 163, 0.02%, 1, 0, 3, 98.58, 54467, 1793
408, 0, 386, 579, 539, 163, 0.02%, 1, 0, 3, 98.16, 54972, 1793
413, 0, 386, 580, 540, 163, 0.02%, 1, 0, 3, 96.31, 55466, 1793
418, 0, 386, 580, 540, 163, 0.02%, 1, 0, 3, 90.64, 55935, 1793
423, 0, 386, 581, 541, 163, 0.02%, 1, 0, 3, 91.54, 56403, 1793
428, 0, 386, 581, 541, 163, 0.02%, 1, 0, 3, 93.19, 56880, 1793
433, 0, 386, 581, 541, 163, 0.02%, 1, 0, 3, 93.33, 57361, 1793
439, 0, 386, 581, 541, 163, 0.02%, 1, 0, 3, 98.44, 57866, 1793
444, 0, 386, 582, 542, 163, 0.02%, 1, 0, 3, 96.51, 58360, 1793
449, 0, 386, 582, 542, 163, 0.02%, 1, 0, 3, 98.45, 58863, 1793
454, 0, 386, 582, 542, 163, 0.02%, 1, 0, 3, 95.65, 59346, 1793
459, 0, 386, 582, 542, 163, 0.02%, 1, 0, 3, 97.13, 59848, 1793
464, 0, 386, 582, 542, 163, 0.02%, 1, 0, 3, 95.70, 60336, 1793
469, 0, 386, 582, 542, 163, 0.02%, 1, 0, 3, 98.37, 60843, 1793
474, 0, 386, 583, 543, 163, 0.02%, 1, 0, 3, 96.80, 61334, 1794
479, 0, 386, 583, 543, 163, 0.02%, 1, 0, 3, 98.52, 61844, 1794
485, 0, 386, 583, 543, 163, 0.02%, 1, 0, 3, 98.18, 62346, 1794
490, 0, 386, 583, 543, 163, 0.02%, 1, 0, 3, 99.21, 62857, 1794
495, 0, 386, 583, 543, 163, 0.02%, 1, 0, 3, 97.38, 63363, 1794
500, 0, 386, 583, 543, 163, 0.02%, 1, 0, 3, 98.21, 63868, 1794
505, 0, 386, 584, 544, 163, 0.02%, 1, 0, 3, 99.25, 64378, 1794
510, 0, 386, 584, 544, 163, 0.02%, 1, 0, 3, 97.53, 64878, 1794
515, 0, 386, 585, 545, 163, 0.02%, 1, 0, 3, 93.50, 65341, 1794
520, 0, 386, 585, 545, 163, 0.02%, 1, 0, 3, 92.54, 65817, 1794
526, 0, 386, 585, 545, 163, 0.02%, 1, 0, 3, 92.79, 66290, 1794
531, 0, 386, 585, 545, 163, 0.02%, 1, 0, 3, 92.51, 66765, 1794
536, 0, 277, 585, 544, 168, 0.02%, 1, 0, 3, 102.83, 67284, 1794
541, 0, 277, 585, 544, 168, 0.02%, 1, 0, 3, 110.63, 67853, 1794
546, 0, 277, 593, 552, 168, 0.02%, 1, 0, 3, 108.98, 68417, 1799
551, 0, 277, 596, 555, 168, 0.02%, 1, 0, 3, 112.99, 68986, 1800
556, 0, 277, 597, 556, 168, 0.02%, 2, 0, 3, 113.26, 69573, 1800
561, 0, 277, 598, 557, 168, 0.02%, 2, 0, 3, 114.95, 70164, 1800
566, 0, 277, 601, 560, 168, 0.02%, 2, 0, 3, 111.69, 70727, 1801
572, 0, 277, 602, 561, 168, 0.02%, 2, 0, 3, 114.74, 71324, 1802
577, 0, 277, 603, 562, 168, 0.02%, 2, 0, 3, 113.92, 71915, 1802
582, 0, 536, 603, 561, 173, 0.02%, 2, 0, 3, 111.37, 72485, 1802
587, 0, 536, 603, 561, 173, 0.02%, 2, 0, 3, 112.70, 73075, 1802
592, 0, 536, 603, 561, 173, 0.02%, 2, 0, 3, 114.23, 73663, 1802
597, 0, 178, 605, 562, 172, 0.02%, 2, 0, 3, 104.69, 74205, 1802
603, 0, 178, 605, 562, 172, 0.02%, 2, 0, 3, 90.17, 74657, 1802
608, 0, 178, 606, 563, 172, 0.02%, 2, 0, 3, 91.15, 75127, 1802
613, 0, 154, 606, 562, 171, 0.02%, 2, 0, 3, 89.96, 75594, 1802
618, 0, 154, 606, 562, 171, 0.02%, 2, 0, 3, 90.37, 76054, 1802
623, 0, 154, 606, 562, 171, 0.02%, 2, 0, 3, 92.54, 76542, 1802
628, 0, 382, 606, 561, 170, 0.02%, 2, 0, 3, 92.06, 77009, 1802
633, 0, 382, 606, 561, 170, 0.02%, 2, 0, 3, 91.07, 77467, 1802
638, 0, 382, 607, 562, 170, 0.02%, 2, 0, 3, 90.69, 77928, 1802
644, 0, 94, 607, 561, 169, 0.02%, 2, 0, 3, 85.98, 78367, 1802
649, 0, 94, 607, 561, 169, 0.02%, 2, 0, 3, 84.97, 78800, 1802
654, 0, 94, 607, 561, 169, 0.02%, 2, 0, 3, 80.26, 79212, 1802
659, 0, 94, 625, 579, 169, 0.02%, 2, 0, 3, 75.98, 79587, 1809
664, 0, 94, 637, 591, 169, 0.02%, 2, 0, 3, 75.79, 79970, 1812
669, 0, 94, 647, 601, 169, 0.02%, 2, 0, 3, 77.18, 80359, 1815
674, 0, 94, 651, 605, 169, 0.02%, 3, 0, 3, 79.60, 80772, 1815
679, 0, 94, 653, 607, 169, 0.02%, 3, 0, 3, 80.45, 81177, 1816
684, 0, 94, 655, 609, 169, 0.02%, 3, 0, 3, 81.81, 81587, 1816
689, 0, 94, 659, 613, 169, 0.02%, 4, 0, 3, 80.36, 81993, 1817
695, 0, 94, 660, 614, 169, 0.02%, 6, 0, 3, 82.36, 82418, 1817
700, 0, 94, 660, 614, 169, 0.02%, 7, 0, 3, 82.75, 82842, 1817
705, 0, 94, 662, 616, 169, 0.02%, 7, 0, 3, 82.54, 83257, 1818
710, 0, 94, 662, 616, 169, 0.02%, 8, 0, 3, 82.62, 83680, 1818
715, 0, 94, 665, 619, 169, 0.02%, 9, 0, 3, 80.90, 84088, 1819
720, 0, 94, 666, 620, 169, 0.02%, 9, 0, 3, 81.86, 84510, 1819
725, 0, 94, 667, 621, 169, 0.02%, 9, 0, 3, 82.75, 84936, 1820
730, 0, 94, 668, 622, 169, 0.02%, 9, 0, 3, 82.66, 85360, 1820
735, 0, 94, 669, 623, 169, 0.02%, 9, 0, 3, 82.99, 85782, 1820
740, 0, 94, 670, 624, 169, 0.02%, 9, 0, 3, 82.17, 86198, 1820
746, 0, 94, 672, 626, 169, 0.02%, 9, 0, 3, 83.51, 86620, 1820
751, 0, 94, 673, 627, 169, 0.02%, 9, 0, 3, 82.86, 87043, 1820
756, 0, 94, 674, 628, 169, 0.02%, 9, 0, 3, 82.45, 87463, 1820
761, 0, 94, 674, 628, 169, 0.02%, 10, 0, 3, 83.53, 87893, 1820
766, 0, 94, 675, 629, 169, 0.02%, 11, 0, 3, 82.43, 88319, 1821
771, 0, 94, 677, 631, 169, 0.02%, 12, 0, 3, 84.25, 88753, 1821
776, 0, 94, 679, 633, 169, 0.02%, 12, 0, 3, 84.87, 89181, 1823
781, 0, 94, 680, 634, 169, 0.02%, 14, 0, 3, 84.82, 89607, 1823
786, 0, 94, 683, 637, 169, 0.02%, 14, 0, 3, 83.55, 90040, 1823
792, 0, 94, 684, 638, 169, 0.02%, 14, 0, 3, 87.83, 90501, 1823
797, 0, 94, 685, 639, 169, 0.02%, 14, 0, 3, 88.32, 90958, 1823
802, 0, 94, 686, 640, 169, 0.02%, 14, 0, 3, 87.90, 91402, 1823
807, 0, 94, 687, 641, 169, 0.02%, 15, 0, 3, 84.34, 91836, 1823
812, 0, 94, 687, 641, 169, 0.02%, 16, 0, 3, 82.41, 92262, 1823
817, 0, 94, 687, 641, 169, 0.02%, 16, 0, 3, 84.36, 92698, 1823
822, 0, 94, 687, 641, 169, 0.02%, 16, 0, 3, 86.30, 93144, 1823
827, 0, 94, 687, 641, 169, 0.02%, 16, 0, 3, 87.17, 93587, 1823
833, 0, 94, 687, 641, 169, 0.02%, 16, 0, 3, 86.85, 94028, 1823
838, 0, 94, 689, 643, 169, 0.02%, 16, 0, 3, 84.01, 94446, 1824
843, 0, 94, 689, 643, 169, 0.02%, 16, 0, 3, 85.06, 94882, 1824
848, 0, 94, 689, 643, 169, 0.02%, 16, 0, 3, 86.01, 95321, 1824
853, 0, 94, 689, 643, 169, 0.02%, 16, 0, 3, 84.17, 95752, 1824
858, 0, 94, 690, 644, 169, 0.02%, 16, 0, 3, 84.71, 96187, 1825
863, 0, 94, 690, 644, 169, 0.02%, 16, 0, 3, 84.35, 96619, 1825
868, 0, 94, 691, 645, 169, 0.02%, 16, 0, 3, 83.62, 97052, 1825
874, 0, 94, 691, 645, 169, 0.02%, 16, 0, 3, 84.56, 97490, 1825
879, 0, 94, 692, 646, 169, 0.02%, 16, 0, 3, 84.74, 97915, 1825
884, 0, 94, 692, 646, 169, 0.02%, 16, 0, 3, 84.67, 98349, 1825
889, 0, 94, 693, 647, 169, 0.02%, 16, 0, 3, 83.38, 98780, 1825
894, 0, 94, 693, 647, 169, 0.02%, 16, 0, 3, 83.29, 99205, 1825
899, 0, 94, 693, 647, 169, 0.02%, 17, 0, 3, 84.12, 99640, 1825
904, 0, 94, 693, 647, 169, 0.02%, 17, 0, 3, 84.34, 100069, 1825
909, 0, 94, 693, 647, 169, 0.02%, 17, 0, 3, 84.26, 100500, 1825
915, 0, 94, 693, 647, 169, 0.02%, 17, 0, 3, 83.30, 100926, 1825
920, 0, 94, 693, 647, 169, 0.02%, 17, 0, 3, 84.15, 101357, 1825
925, 0, 94, 693, 647, 169, 0.02%, 17, 0, 3, 83.98, 101786, 1825
930, 0, 94, 693, 647, 169, 0.02%, 18, 0, 3, 84.51, 102220, 1825
935, 0, 94, 694, 648, 169, 0.02%, 18, 0, 3, 84.84, 102654, 1825
940, 0, 94, 694, 648, 169, 0.02%, 18, 0, 3, 83.73, 103083, 1825
945, 0, 94, 694, 648, 169, 0.02%, 18, 0, 3, 83.89, 103515, 1825
950, 0, 94, 694, 648, 169, 0.02%, 18, 0, 3, 83.50, 103943, 1825
956, 0, 94, 695, 649, 169, 0.02%, 18, 0, 3, 82.71, 104366, 1825
961, 0, 94, 700, 654, 169, 0.02%, 18, 0, 3, 83.59, 104790, 1826
966, 0, 94, 704, 658, 169, 0.02%, 18, 0, 3, 83.70, 105211, 1828
971, 0, 94, 704, 658, 169, 0.02%, 18, 0, 3, 87.81, 105667, 1828
976, 0, 94, 705, 659, 169, 0.02%, 18, 0, 3, 85.44, 106106, 1828
981, 0, 94, 706, 660, 169, 0.02%, 18, 0, 3, 86.41, 106552, 1828
986, 0, 94, 707, 661, 169, 0.02%, 18, 0, 3, 86.04, 106988, 1828
991, 0, 94, 708, 662, 169, 0.02%, 18, 0, 3, 85.61, 107431, 1829
996, 0, 94, 709, 663, 169, 0.02%, 18, 0, 3, 98.46, 107935, 1831
1001, 0, 94, 711, 665, 169, 0.02%, 18, 0, 3, 93.84, 108412, 1831
1007, 0, 285, 711, 664, 183, 0.02%, 18, 0, 3, 90.28, 108863, 1831
1012, 0, 285, 711, 664, 183, 0.02%, 18, 0, 3, 97.62, 109353, 1831
1017, 0, 100, 711, 663, 182, 0.02%, 18, 0, 3, 92.95, 109835, 1831
1022, 0, 100, 711, 663, 182, 0.02%, 18, 0, 3, 88.09, 110284, 1831
1027, 0, 100, 711, 663, 182, 0.02%, 18, 0, 3, 86.57, 110721, 1831
1032, 0, 100, 711, 663, 182, 0.02%, 18, 0, 3, 82.59, 111144, 1831
1037, 0, 100, 718, 670, 182, 0.02%, 19, 0, 3, 80.23, 111559, 1834
1043, 0, 100, 723, 675, 182, 0.02%, 19, 0, 3, 85.76, 111996, 1835
1048, 0, 100, 723, 675, 182, 0.02%, 19, 0, 3, 88.04, 112450, 1835
1053, 0, 100, 723, 675, 182, 0.02%, 19, 0, 3, 88.40, 112906, 1835
1058, 0, 100, 724, 676, 182, 0.02%, 19, 0, 3, 86.86, 113350, 1835
1063, 0, 100, 724, 676, 182, 0.02%, 19, 0, 3, 87.48, 113796, 1835
1068, 0, 100, 725, 677, 182, 0.02%, 19, 0, 3, 87.03, 114241, 1835
1073, 0, 100, 725, 677, 182, 0.02%, 19, 0, 3, 87.14, 114688, 1835
1078, 0, 100, 725, 677, 182, 0.02%, 19, 0, 3, 87.70, 115135, 1835
1084, 0, 100, 725, 677, 182, 0.02%, 19, 0, 3, 87.11, 115579, 1835
1089, 0, 100, 725, 677, 182, 0.02%, 19, 0, 3, 88.95, 116035, 1835
1094, 0, 100, 726, 678, 182, 0.02%, 19, 0, 3, 87.58, 116484, 1835
1099, 0, 100, 726, 678, 182, 0.02%, 19, 0, 3, 87.50, 116934, 1835
1104, 0, 100, 727, 679, 182, 0.02%, 19, 0, 3, 87.10, 117371, 1835
1109, 0, 100, 727, 679, 182, 0.02%, 19, 0, 3, 86.26, 117814, 1835
1114, 0, 100, 727, 679, 182, 0.02%, 19, 0, 3, 85.87, 118254, 1835
1119, 0, 100, 728, 680, 182, 0.02%, 19, 0, 3, 84.85, 118686, 1835
1125, 0, 100, 729, 681, 182, 0.02%, 19, 0, 3, 84.19, 119120, 1836
1130, 0, 100, 729, 681, 182, 0.02%, 19, 0, 3, 85.60, 119559, 1836
1135, 0, 100, 729, 681, 182, 0.02%, 19, 0, 3, 88.17, 120010, 1836
1140, 0, 100, 729, 681, 182, 0.02%, 19, 0, 3, 88.25, 120463, 1836
1145, 0, 100, 729, 681, 182, 0.02%, 19, 0, 3, 87.64, 120912, 1836
1150, 0, 100, 729, 681, 182, 0.02%, 19, 0, 3, 89.78, 121370, 1836
1155, 0, 100, 729, 681, 182, 0.02%, 19, 0, 3, 87.55, 121817, 1836
1160, 0, 100, 729, 681, 182, 0.02%, 19, 0, 3, 89.16, 122275, 1836
1165, 0, 100, 730, 682, 182, 0.02%, 19, 0, 3, 90.19, 122730, 1836
1171, 0, 100, 731, 683, 182, 0.02%, 19, 0, 3, 89.03, 123192, 1837
1176, 0, 100, 731, 683, 182, 0.02%, 19, 0, 3, 89.68, 123648, 1837
1181, 0, 100, 733, 685, 182, 0.02%, 19, 0, 3, 89.73, 124103, 1839
1186, 0, 100, 733, 685, 182, 0.02%, 19, 0, 3, 91.52, 124567, 1839
1191, 0, 100, 733, 685, 182, 0.02%, 19, 0, 3, 92.50, 125042, 1839
1196, 0, 100, 734, 686, 182, 0.02%, 19, 0, 3, 90.87, 125504, 1839
1201, 0, 100, 735, 687, 182, 0.02%, 19, 0, 3, 91.86, 125979, 1839
1207, 0, 100, 735, 687, 182, 0.02%, 19, 0, 3, 91.37, 126447, 1839
1212, 0, 100, 735, 687, 182, 0.02%, 19, 0, 3, 91.82, 126919, 1839
1217, 0, 100, 735, 687, 182, 0.02%, 19, 0, 3, 91.00, 127382, 1839
1222, 0, 100, 735, 687, 182, 0.02%, 19, 0, 3, 92.33, 127856, 1839
1227, 0, 100, 735, 687, 182, 0.02%, 19, 0, 3, 91.73, 128322, 1839
1232, 0, 100, 735, 687, 182, 0.02%, 19, 0, 3, 91.83, 128790, 1839
1237, 0, 100, 735, 687, 182, 0.02%, 19, 0, 3, 91.43, 129261, 1839
1242, 0, 100, 736, 688, 182, 0.02%, 19, 0, 3, 93.14, 129741, 1839
1247, 0, 100, 736, 688, 182, 0.02%, 19, 0, 3, 92.11, 130210, 1839
1253, 0, 100, 736, 688, 182, 0.02%, 19, 0, 3, 93.60, 130687, 1839
1258, 0, 100, 736, 688, 182, 0.02%, 19, 0, 3, 91.37, 131156, 1839
1263, 0, 100, 736, 688, 182, 0.02%, 19, 0, 3, 87.06, 131598, 1839
1268, 0, 100, 736, 688, 182, 0.02%, 19, 0, 3, 83.21, 132023, 1839
1273, 0, 100, 736, 688, 182, 0.02%, 19, 0, 3, 85.13, 132457, 1839
1278, 0, 100, 736, 688, 182, 0.02%, 19, 0, 3, 84.93, 132886, 1839
1283, 0, 100, 736, 688, 182, 0.02%, 19, 0, 3, 84.89, 133317, 1839
1288, 0, 100, 736, 688, 182, 0.02%, 19, 0, 3, 88.52, 133771, 1839
1293, 0, 100, 736, 688, 182, 0.02%, 19, 0, 3, 87.78, 134218, 1839
1299, 0, 100, 736, 688, 182, 0.02%, 19, 0, 3, 87.67, 134671, 1839
1304, 0, 100, 736, 688, 182, 0.02%, 19, 0, 3, 87.52, 135121, 1839
1309, 0, 100, 736, 688, 182, 0.02%, 19, 0, 3, 87.80, 135572, 1839
1314, 0, 100, 736, 688, 182, 0.02%, 19, 0, 3, 86.25, 136011, 1839
1319, 0, 100, 736, 688, 182, 0.02%, 19, 0, 3, 86.62, 136454, 1839
1324, 0, 100, 736, 688, 182, 0.02%, 19, 0, 3, 81.32, 136871, 1839
1329, 0, 100, 736, 688, 182, 0.02%, 19, 0, 3, 83.76, 137303, 1839
1335, 0, 100, 736, 688, 182, 0.02%, 19, 0, 3, 80.27, 137711, 1839
1340, 0, 100, 736, 688, 182, 0.02%, 19, 0, 3, 82.42, 138138, 1839
1345, 0, 100, 736, 688, 182, 0.02%, 19, 0, 3, 84.29, 138573, 1839
1350, 0, 100, 736, 688, 182, 0.02%, 19, 0, 3, 83.77, 139006, 1839
1355, 0, 100, 736, 688, 182, 0.02%, 19, 0, 3, 85.71, 139446, 1839
1360, 0, 100, 737, 689, 182, 0.02%, 19, 0, 3, 81.04, 139871, 1839
1365, 0, 100, 737, 689, 182, 0.02%, 19, 0, 3, 88.03, 140323, 1839
1371, 0, 100, 737, 689, 182, 0.02%, 19, 0, 3, 90.72, 140790, 1839
1376, 0, 100, 737, 689, 182, 0.02%, 19, 0, 3, 86.94, 141226, 1839
1381, 0, 100, 737, 689, 182, 0.02%, 19, 0, 3, 95.39, 141726, 1839
1386, 0, 100, 737, 689, 182, 0.02%, 19, 0, 3, 99.54, 142234, 1839
1388, 0, 100, 737, 689, 182, 0.02%, 19, 0, 3, 105.58, 142478, 1839
