# relative_time, cycles_done, cur_item, corpus_count, pending_total, pending_favs, map_size, saved_crashes, saved_hangs, max_depth, execs_per_sec, total_execs, edges_found
63, 0, 102, 315, 278, 29, 0.02%, 0, 0, 2, 102.48, 6796, 1587
68, 0, 102, 318, 281, 29, 0.02%, 0, 0, 2, 105.83, 7331, 1589
73, 0, 102, 322, 285, 29, 0.02%, 0, 0, 2, 103.38, 7860, 1595
78, 0, 102, 329, 292, 29, 0.02%, 0, 0, 2, 101.67, 8358, 1598
83, 0, 102, 340, 303, 29, 0.02%, 0, 0, 2, 97.69, 8861, 1632
88, 0, 102, 343, 306, 29, 0.02%, 0, 0, 2, 93.87, 9329, 1636
93, 0, 102, 345, 308, 29, 0.02%, 0, 0, 2, 95.27, 9824, 1638
98, 0, 102, 350, 313, 29, 0.02%, 0, 0, 2, 93.08, 10312, 1640
104, 0, 102, 354, 317, 29, 0.02%, 0, 0, 2, 93.49, 10792, 1642
109, 0, 102, 355, 318, 29, 0.02%, 0, 0, 2, 95.49, 11285, 1642
114, 0, 102, 358, 321, 29, 0.02%, 0, 0, 2, 97.69, 11793, 1643
119, 0, 102, 362, 325, 29, 0.02%, 0, 0, 2, 98.30, 12312, 1647
124, 0, 102, 366, 329, 29, 0.02%, 0, 0, 2, 93.05, 12768, 1649
129, 0, 102, 369, 332, 29, 0.02%, 0, 0, 2, 81.18, 13184, 1652
134, 0, 102, 369, 332, 29, 0.02%, 0, 0, 2, 80.44, 13582, 1652
140, 0, 102, 372, 335, 29, 0.02%, 0, 0, 2, 75.57, 13980, 1654
145, 0, 102, 378, 341, 29, 0.02%, 0, 0, 2, 84.32, 14405, 1668
150, 0, 102, 382, 345, 29, 0.02%, 0, 0, 2, 91.10, 14864, 1671
155, 0, 102, 384, 347, 29, 0.02%, 0, 0, 2, 91.77, 15338, 1673
160, 0, 102, 388, 351, 29, 0.02%, 0, 0, 2, 91.42, 15813, 1676
165, 0, 102, 391, 354, 29, 0.02%, 0, 0, 2, 82.94, 16219, 1677
170, 0, 102, 393, 356, 29, 0.02%, 0, 0, 2, 84.70, 16625, 1678
175, 0, 102, 398, 361, 29, 0.02%, 0, 0, 2, 84.69, 17051, 1678
180, 0, 102, 402, 365, 29, 0.02%, 0, 0, 2, 82.14, 17475, 1679
186, 0, 102, 403, 366, 29, 0.02%, 0, 0, 2, 78.79, 17873, 1680
191, 0, 102, 405, 368, 29, 0.02%, 0, 0, 2, 87.31, 18325, 1681
196, 0, 102, 406, 369, 29, 0.02%, 0, 0, 2, 89.43, 18797, 1682
201, 0, 102, 407, 370, 29, 0.02%, 0, 0, 2, 86.44, 19231, 1682
206, 0, 102, 408, 371, 29, 0.02%, 0, 0, 2, 88.80, 19670, 1688
211, 0, 102, 411, 374, 29, 0.02%, 0, 0, 2, 89.92, 20128, 1690
216, 0, 102, 413, 376, 29, 0.02%, 0, 0, 2, 90.56, 20596, 1690
221, 0, 102, 414, 377, 29, 0.02%, 0, 0, 2, 93.63, 21084, 1690
226, 0, 102, 416, 379, 29, 0.02%, 0, 0, 2, 89.39, 21536, 1690
232, 0, 102, 417, 380, 29, 0.02%, 0, 0, 2, 87.47, 21988, 1690
237, 0, 102, 417, 380, 29, 0.02%, 0, 0, 2, 89.02, 22447, 1690
242, 0, 102, 418, 381, 29, 0.02%, 0, 0, 2, 87.63, 22887, 1691
247, 0, 102, 419, 382, 29, 0.02%, 0, 0, 2, 84.13, 23304, 1691
252, 0, 102, 420, 383, 29, 0.02%, 0, 0, 2, 86.48, 23667, 1691
257, 0, 102, 422, 385, 29, 0.02%, 0, 0, 2, 90.72, 24143, 1696
262, 0, 102, 427, 390, 29, 0.02%, 0, 0, 2, 90.27, 24610, 1698
267, 0, 102, 428, 391, 29, 0.02%, 0, 0, 2, 87.18, 25065, 1698
272, 0, 102, 429, 392, 29, 0.02%, 0, 0, 2, 86.55, 25502, 1699
278, 0, 102, 429, 392, 29, 0.02%, 0, 0, 2, 89.64, 25960, 1699
283, 0, 102, 429, 392, 29, 0.02%, 0, 0, 2, 91.80, 26433, 1699
288, 0, 102, 431, 394, 29, 0.02%, 0, 0, 2, 88.95, 26892, 1702
293, 0, 102, 431, 394, 29, 0.02%, 0, 0, 2, 87.85, 27339, 1702
298, 0, 102, 432, 395, 29, 0.02%, 0, 0, 2, 81.80, 27752, 1702
303, 0, 102, 435, 398, 29, 0.02%, 0, 0, 2, 76.91, 28147, 1713
308, 0, 102, 436, 399, 29, 0.02%, 0, 0, 2, 81.58, 28569, 1719
313, 0, 102, 439, 402, 29, 0.02%, 0, 0, 2, 84.87, 29000, 1721
318, 0, 102, 448, 411, 29, 0.02%, 0, 0, 2, 81.58, 29406, 1725
324, 0, 102, 455, 418, 29, 0.02%, 0, 0, 2, 83.94, 29839, 1727
329, 0, 102, 455, 418, 29, 0.02%, 0, 0, 2, 88.44, 30298, 1727
334, 0, 102, 461, 424, 29, 0.02%, 0, 0, 2, 85.21, 30720, 1727
339, 0, 102, 464, 427, 29, 0.02%, 0, 0, 2, 86.32, 31160, 1727
344, 0, 102, 467, 430, 29, 0.02%, 0, 0, 2, 86.70, 31602, 1727
349, 0, 102, 468, 431, 29, 0.02%, 0, 0, 2, 87.65, 32051, 1727
354, 0, 102, 468, 431, 29, 0.02%, 0, 0, 2, 85.84, 32489, 1727
359, 0, 102, 471, 434, 29, 0.02%, 0, 0, 2, 90.94, 32952, 1728
364, 0, 102, 488, 450, 28, 0.02%, 0, 0, 2, 83.64, 33377, 1735
369, 0, 102, 520, 482, 28, 0.02%, 0, 0, 2, 77.89, 33761, 1755
375, 0, 102, 558, 520, 28, 0.02%, 0, 0, 2, 71.22, 34110, 1773
380, 0, 102, 597, 559, 28, 0.02%, 0, 0, 2, 69.69, 34467, 1805
385, 0, 500, 634, 596, 173, 0.02%, 0, 0, 2, 64.55, 34792, 1822
390, 0, 500, 634, 596, 173, 0.02%, 0, 0, 2, 85.84, 35264, 1822
395, 0, 500, 636, 598, 173, 0.02%, 0, 0, 2, 95.41, 35755, 1823
400, 0, 500, 638, 600, 173, 0.02%, 0, 0, 2, 95.82, 36245, 1823
405, 0, 500, 640, 602, 173, 0.02%, 0, 0, 2, 97.44, 36744, 1824
410, 0, 500, 643, 605, 173, 0.02%, 0, 0, 2, 96.39, 37226, 1825
416, 0, 500, 643, 605, 173, 0.02%, 0, 0, 2, 97.51, 37723, 1825
421, 0, 500, 643, 605, 173, 0.02%, 0, 0, 2, 95.92, 38215, 1825
426, 0, 500, 643, 605, 173, 0.02%, 0, 0, 2, 97.20, 38713, 1825
431, 0, 500, 643, 605, 173, 0.02%, 0, 0, 2, 97.97, 39211, 1825
436, 0, 500, 644, 606, 173, 0.02%, 1, 0, 2, 96.46, 39706, 1825
441, 0, 500, 644, 606, 173, 0.02%, 1, 0, 2, 97.73, 40207, 1825
446, 0, 500, 645, 607, 173, 0.02%, 1, 0, 2, 95.50, 40695, 1825
451, 0, 500, 646, 608, 173, 0.02%, 1, 0, 2, 94.88, 41178, 1825
456, 0, 500, 647, 609, 173, 0.02%, 1, 0, 2, 95.18, 41666, 1825
462, 0, 500, 647, 609, 173, 0.02%, 1, 0, 2, 96.42, 42161, 1825
467, 0, 500, 648, 610, 173, 0.02%, 1, 0, 2, 96.02, 42657, 1825
472, 0, 500, 648, 610, 173, 0.02%, 1, 0, 2, 96.64, 43154, 1825
477, 0, 500, 648, 610, 173, 0.02%, 1, 0, 2, 98.42, 43660, 1825
482, 0, 500, 649, 611, 173, 0.02%, 1, 0, 2, 96.46, 44159, 1825
487, 0, 500, 649, 611, 173, 0.02%, 1, 0, 2, 98.79, 44669, 1825
492, 0, 500, 649, 611, 173, 0.02%, 1, 0, 2, 98.11, 45174, 1825
498, 0, 500, 650, 612, 173, 0.02%, 1, 0, 2, 98.09, 45686, 1826
503, 0, 500, 650, 612, 173, 0.02%, 1, 0, 2, 97.27, 46177, 1826
508, 0, 500, 650, 612, 173, 0.02%, 1, 0, 2, 99.22, 46690, 1826
513, 0, 500, 650, 612, 173, 0.02%, 1, 0, 2, 98.10, 47194, 1826
518, 0, 500, 651, 613, 173, 0.02%, 1, 0, 2, 96.49, 47688, 1828
523, 0, 500, 651, 613, 173, 0.02%, 1, 0, 2, 98.87, 48193, 1828
528, 0, 500, 652, 614, 173, 0.02%, 2, 0, 2, 97.89, 48680, 1828
533, 0, 500, 652, 614, 173, 0.02%, 2, 0, 2, 98.45, 49180, 1828
538, 0, 500, 652, 614, 173, 0.02%, 2, 0, 2, 98.48, 49682, 1828
544, 0, 500, 652, 614, 173, 0.02%, 2, 0, 2, 96.17, 50172, 1828
549, 0, 500, 652, 614, 173, 0.02%, 2, 0, 2, 95.72, 50664, 1828
554, 0, 500, 652, 614, 173, 0.02%, 2, 0, 2, 96.57, 51156, 1828
559, 0, 500, 652, 614, 173, 0.02%, 2, 0, 2, 96.02, 51646, 1828
564, 0, 500, 652, 614, 173, 0.02%, 2, 0, 2, 93.31, 52125, 1828
569, 0, 500, 652, 614, 173, 0.02%, 2, 0, 2, 96.16, 52619, 1828
574, 0, 500, 652, 614, 173, 0.02%, 2, 0, 2, 97.89, 53122, 1828
579, 0, 500, 652, 614, 173, 0.02%, 2, 0, 2, 98.34, 53626, 1828
585, 0, 500, 652, 614, 173, 0.02%, 2, 0, 2, 97.15, 54123, 1828
590, 0, 500, 652, 614, 173, 0.02%, 2, 0, 2, 96.80, 54619, 1828
595, 0, 500, 652, 614, 173, 0.02%, 2, 0, 2, 97.79, 55118, 1828
600, 0, 500, 653, 615, 173, 0.02%, 2, 0, 2, 97.16, 55614, 1828
605, 0, 500, 653, 615, 173, 0.02%, 2, 0, 2, 97.47, 56111, 1828
610, 0, 500, 653, 615, 173, 0.02%, 2, 0, 2, 97.41, 56609, 1828
615, 0, 500, 653, 615, 173, 0.02%, 2, 0, 2, 95.60, 57099, 1828
620, 0, 500, 653, 615, 173, 0.02%, 2, 0, 2, 97.22, 57596, 1828
626, 0, 500, 653, 615, 173, 0.02%, 2, 0, 2, 96.73, 58092, 1828
631, 0, 500, 653, 615, 173, 0.02%, 2, 0, 2, 96.96, 58584, 1828
636, 0, 500, 653, 615, 173, 0.02%, 2, 0, 2, 97.12, 59083, 1828
641, 0, 500, 654, 616, 173, 0.02%, 2, 0, 2, 98.15, 59588, 1828
646, 0, 500, 654, 616, 173, 0.02%, 2, 0, 2, 98.45, 60092, 1828
651, 0, 500, 654, 616, 173, 0.02%, 2, 0, 2, 98.68, 60601, 1828
656, 0, 500, 654, 616, 173, 0.02%, 2, 0, 2, 97.26, 61097, 1828
661, 0, 500, 654, 616, 173, 0.02%, 2, 0, 2, 97.93, 61602, 1828
667, 0, 500, 655, 617, 173, 0.02%, 2, 0, 2, 96.12, 62090, 1828
672, 0, 500, 655, 617, 173, 0.02%, 2, 0, 2, 100.43, 62604, 1828
677, 0, 500, 655, 617, 173, 0.02%, 2, 0, 2, 103.80, 63146, 1828
682, 0, 500, 655, 617, 173, 0.02%, 2, 0, 2, 101.12, 63654, 1828
687, 0, 500, 655, 617, 173, 0.02%, 2, 0, 2, 98.46, 64156, 1828
692, 0, 500, 655, 617, 173, 0.02%, 2, 0, 2, 98.63, 64659, 1828
697, 0, 500, 655, 617, 173, 0.02%, 2, 0, 2, 99.87, 65172, 1828
702, 0, 500, 655, 617, 173, 0.02%, 2, 0, 2, 99.63, 65690, 1828
708, 0, 500, 655, 617, 173, 0.02%, 2, 0, 2, 101.52, 66206, 1828
713, 0, 500, 656, 618, 173, 0.02%, 2, 0, 2, 100.79, 66727, 1828
718, 0, 500, 656, 618, 173, 0.02%, 3, 0, 2, 97.02, 67227, 1828
723, 0, 500, 656, 618, 173, 0.02%, 3, 0, 2, 99.92, 67741, 1828
728, 0, 500, 656, 618, 173, 0.02%, 3, 0, 2, 100.82, 68271, 1828
733, 0, 500, 660, 622, 173, 0.02%, 3, 0, 2, 95.86, 68750, 1856
738, 0, 500, 662, 624, 173, 0.02%, 3, 0, 2, 96.11, 69237, 1864
743, 0, 477, 662, 623, 178, 0.02%, 3, 0, 2, 115.37, 69817, 1864
748, 0, 621, 662, 622, 177, 0.02%, 3, 0, 2, 105.16, 70379, 1864
754, 0, 621, 666, 626, 177, 0.02%, 3, 0, 2, 94.59, 70833, 1866
759, 0, 621, 668, 628, 177, 0.02%, 3, 0, 2, 97.64, 71337, 1866
764, 0, 621, 668, 628, 177, 0.02%, 3, 0, 2, 98.68, 71843, 1866
769, 0, 621, 668, 628, 177, 0.02%, 3, 0, 2, 97.77, 72344, 1866
774, 0, 621, 669, 629, 177, 0.02%, 3, 0, 2, 97.34, 72839, 1866
779, 0, 621, 669, 629, 177, 0.02%, 3, 0, 2, 99.24, 73349, 1866
784, 0, 621, 669, 629, 177, 0.02%, 3, 0, 2, 98.75, 73853, 1866
789, 0, 621, 671, 631, 177, 0.02%, 3, 0, 2, 97.82, 74357, 1867
795, 0, 621, 671, 631, 177, 0.02%, 3, 0, 2, 97.62, 74857, 1867
800, 0, 621, 671, 631, 177, 0.02%, 3, 0, 2, 97.78, 75360, 1867
805, 0, 621, 673, 633, 177, 0.02%, 3, 0, 2, 97.62, 75860, 1867
810, 0, 621, 674, 634, 177, 0.02%, 3, 0, 2, 99.16, 76371, 1867
815, 0, 621, 674, 634, 177, 0.02%, 3, 0, 2, 99.18, 76879, 1867
820, 0, 621, 674, 634, 177, 0.02%, 3, 0, 2, 98.15, 77381, 1867
825, 0, 621, 674, 634, 177, 0.02%, 3, 0, 2, 99.70, 77891, 1867
831, 0, 621, 674, 634, 177, 0.02%, 3, 0, 2, 96.89, 78387, 1867
836, 0, 621, 675, 635, 177, 0.02%, 3, 0, 2, 99.65, 78898, 1867
841, 0, 621, 675, 635, 177, 0.02%, 3, 0, 2, 98.99, 79404, 1867
846, 0, 621, 675, 635, 177, 0.02%, 3, 0, 2, 100.21, 79921, 1867
851, 0, 621, 675, 635, 177, 0.02%, 3, 0, 2, 99.30, 80436, 1867
856, 0, 621, 676, 636, 177, 0.02%, 3, 0, 2, 97.68, 80921, 1867
861, 0, 621, 676, 636, 177, 0.02%, 3, 0, 2, 98.90, 81427, 1867
866, 0, 621, 676, 636, 177, 0.02%, 3, 0, 2, 96.95, 81921, 1867
871, 0, 621, 676, 636, 177, 0.02%, 3, 0, 2, 96.95, 82419, 1867
877, 0, 621, 676, 636, 177, 0.02%, 3, 0, 2, 96.17, 82909, 1867
882, 0, 621, 676, 636, 177, 0.02%, 3, 0, 2, 99.68, 83425, 1867
887, 0, 621, 677, 637, 177, 0.02%, 3, 0, 2, 100.44, 83939, 1868
892, 0, 621, 677, 637, 177, 0.02%, 3, 0, 2, 101.25, 84443, 1868
897, 0, 621, 677, 637, 177, 0.02%, 3, 0, 2, 101.59, 84953, 1868
902, 0, 621, 677, 637, 177, 0.02%, 3, 0, 2, 100.88, 85463, 1868
907, 0, 621, 677, 637, 177, 0.02%, 3, 0, 2, 100.21, 85973, 1868
912, 0, 621, 677, 637, 177, 0.02%, 3, 0, 2, 98.98, 86487, 1868
917, 0, 621, 677, 637, 177, 0.02%, 3, 0, 2, 99.25, 86994, 1868
922, 0, 621, 677, 637, 177, 0.02%, 3, 0, 2, 98.92, 87501, 1868
928, 0, 621, 677, 637, 177, 0.02%, 3, 0, 2, 99.40, 88008, 1868
933, 0, 621, 677, 637, 177, 0.02%, 3, 0, 2, 100.67, 88523, 1868
938, 0, 621, 677, 637, 177, 0.02%, 3, 0, 2, 99.47, 89034, 1868
943, 0, 621, 677, 637, 177, 0.02%, 3, 0, 2, 99.44, 89540, 1868
948, 0, 621, 677, 637, 177, 0.02%, 3, 0, 2, 98.36, 90038, 1868
953, 0, 621, 677, 637, 177, 0.02%, 3, 0, 2, 98.34, 90540, 1868
958, 0, 621, 677, 637, 177, 0.02%, 3, 0, 2, 99.88, 91052, 1868
963, 0, 621, 677, 637, 177, 0.02%, 3, 0, 2, 100.31, 91565, 1868
969, 0, 621, 677, 637, 177, 0.02%, 3, 0, 2, 100.28, 92087, 1868
974, 0, 621, 677, 637, 177, 0.02%, 3, 0, 2, 98.66, 92597, 1868
979, 0, 621, 677, 637, 177, 0.02%, 3, 0, 2, 99.43, 93105, 1868
984, 0, 621, 678, 638, 177, 0.02%, 3, 0, 2, 98.89, 93600, 1868
989, 0, 621, 678, 638, 177, 0.02%, 3, 0, 2, 99.59, 94107, 1868
994, 0, 621, 678, 638, 177, 0.02%, 3, 0, 2, 94.00, 94582, 1868
999, 0, 621, 679, 639, 177, 0.02%, 3, 0, 2, 94.25, 95071, 1868
1004, 0, 621, 679, 639, 177, 0.02%, 3, 0, 2, 93.52, 95547, 1868
1010, 0, 621, 680, 640, 177, 0.02%, 3, 0, 2, 99.80, 96066, 1868
1015, 0, 621, 680, 640, 177, 0.02%, 3, 0, 2, 100.49, 96574, 1868
1020, 0, 621, 680, 640, 177, 0.02%, 3, 0, 2, 99.92, 97092, 1868
1025, 0, 621, 680, 640, 177, 0.02%, 3, 0, 2, 100.90, 97614, 1868
1030, 0, 621, 680, 640, 177, 0.02%, 3, 0, 2, 101.49, 98142, 1868
1035, 0, 621, 680, 640, 177, 0.02%, 3, 0, 2, 98.90, 98635, 1868
1040, 0, 621, 680, 640, 177, 0.02%, 3, 0, 2, 100.87, 99154, 1868
1045, 0, 621, 680, 640, 177, 0.02%, 3, 0, 2, 100.45, 99666, 1868
1051, 0, 621, 680, 640, 177, 0.02%, 3, 0, 2, 98.96, 100177, 1868
1056, 0, 621, 680, 640, 177, 0.02%, 3, 0, 2, 103.32, 100718, 1868
1061, 0, 621, 680, 640, 177, 0.02%, 3, 0, 2, 104.02, 101244, 1868
1066, 0, 621, 680, 640, 177, 0.02%, 3, 0, 2, 105.33, 101776, 1868
1071, 0, 621, 680, 640, 177, 0.02%, 3, 0, 2, 105.78, 102308, 1868
1076, 0, 621, 680, 640, 177, 0.02%, 3, 0, 2, 106.70, 102840, 1868
1081, 0, 621, 680, 640, 177, 0.02%, 3, 0, 2, 104.21, 103378, 1868
1086, 0, 621, 680, 640, 177, 0.02%, 3, 0, 2, 109.25, 103954, 1868
1092, 0, 621, 684, 644, 177, 0.02%, 3, 0, 2, 105.02, 104484, 1868
1097, 0, 557, 684, 643, 176, 0.02%, 3, 0, 2, 97.54, 104969, 1868
1102, 0, 557, 686, 645, 176, 0.02%, 3, 0, 2, 100.45, 105483, 1870
1107, 0, 557, 689, 648, 176, 0.02%, 3, 0, 2, 101.39, 105998, 1871
1112, 0, 557, 690, 649, 176, 0.02%, 3, 0, 2, 102.49, 106513, 1872
1117, 0, 557, 692, 651, 176, 0.02%, 3, 0, 2, 102.59, 107037, 1872
1122, 0, 557, 692, 651, 176, 0.02%, 3, 0, 2, 103.84, 107567, 1872
1127, 0, 557, 692, 651, 176, 0.02%, 3, 0, 2, 102.90, 108103, 1872
1133, 0, 557, 693, 652, 176, 0.02%, 3, 0, 2, 104.04, 108640, 1872
1138, 0, 557, 695, 654, 176, 0.02%, 3, 0, 2, 98.08, 109147, 1874
1143, 0, 557, 697, 656, 176, 0.02%, 3, 0, 2, 93.18, 109620, 1874
1148, 0, 557, 697, 656, 176, 0.02%, 3, 0, 2, 95.82, 110109, 1874
1153, 0, 557, 697, 656, 176, 0.02%, 3, 0, 2, 95.12, 110591, 1874
1158, 0, 557, 699, 658, 176, 0.02%, 3, 0, 2, 94.78, 111078, 1874
1163, 0, 557, 699, 658, 176, 0.02%, 3, 0, 2, 96.82, 111574, 1874
1169, 0, 557, 700, 659, 176, 0.02%, 3, 0, 2, 97.18, 112077, 1874
1174, 0, 557, 700, 659, 176, 0.02%, 3, 0, 2, 97.89, 112574, 1874
1179, 0, 557, 701, 660, 176, 0.02%, 3, 0, 2, 97.31, 113073, 1874
1184, 0, 557, 701, 660, 176, 0.02%, 3, 0, 2, 98.08, 113578, 1874
1189, 0, 557, 701, 660, 176, 0.02%, 3, 0, 2, 97.49, 114076, 1874
1194, 0, 557, 701, 660, 176, 0.02%, 3, 0, 2, 98.09, 114577, 1874
1199, 0, 557, 702, 661, 176, 0.02%, 3, 0, 2, 88.15, 115036, 1874
1205, 0, 557, 702, 661, 176, 0.02%, 3, 0, 2, 92.19, 115509, 1874
1210, 0, 557, 702, 661, 176, 0.02%, 3, 0, 2, 90.49, 115976, 1874
1215, 0, 557, 702, 661, 176, 0.02%, 3, 0, 2, 93.45, 116457, 1874
1220, 0, 557, 702, 661, 176, 0.02%, 3, 0, 2, 95.00, 116940, 1874
1225, 0, 557, 702, 661, 176, 0.02%, 3, 0, 2, 92.62, 117413, 1874
1230, 0, 557, 703, 662, 176, 0.02%, 3, 0, 2, 93.47, 117895, 1874
1235, 0, 557, 704, 663, 176, 0.02%, 3, 0, 2, 88.84, 118359, 1875
1240, 0, 557, 704, 663, 176, 0.02%, 3, 0, 2, 94.36, 118837, 1875
1245, 0, 557, 704, 663, 176, 0.02%, 3, 0, 2, 98.30, 119346, 1875
1251, 0, 557, 704, 663, 176, 0.02%, 3, 0, 2, 94.81, 119831, 1875
1256, 0, 557, 704, 663, 176, 0.02%, 3, 0, 2, 110.17, 120389, 1875
1261, 0, 557, 704, 663, 176, 0.02%, 3, 0, 2, 138.06, 121133, 1875
1266, 0, 557, 705, 664, 176, 0.02%, 3, 0, 2, 160.24, 121974, 1875
1271, 0, 557, 706, 665, 176, 0.02%, 3, 0, 2, 213.97, 123101, 1875
1272, 0, 557, 706, 665, 176, 0.02%, 3, 0, 2, 218.50, 123267, 1875
