# relative_time, cycles_done, cur_item, corpus_count, pending_total, pending_favs, map_size, saved_crashes, saved_hangs, max_depth, execs_per_sec, total_execs, edges_found
61, 0, 97, 398, 361, 28, 0.02%, 0, 0, 2, 249.86, 19531, 1635
66, 0, 97, 399, 362, 28, 0.02%, 0, 0, 2, 254.25, 20812, 1635
71, 0, 97, 403, 366, 28, 0.02%, 0, 0, 2, 251.56, 22070, 1638
76, 0, 97, 406, 369, 28, 0.02%, 0, 0, 2, 251.52, 23326, 1638
81, 0, 97, 408, 371, 28, 0.02%, 0, 0, 2, 249.96, 24593, 1639
86, 0, 97, 412, 375, 28, 0.02%, 0, 0, 2, 236.80, 25781, 1640
91, 0, 97, 413, 376, 28, 0.02%, 0, 0, 2, 248.64, 27092, 1640
96, 0, 97, 421, 384, 28, 0.02%, 0, 0, 2, 233.47, 28268, 1644
101, 0, 97, 434, 397, 28, 0.02%, 0, 0, 2, 228.73, 29435, 1665
106, 0, 97, 440, 403, 28, 0.02%, 0, 0, 2, 220.07, 30505, 1669
111, 0, 97, 446, 409, 28, 0.02%, 0, 0, 2, 202.35, 31519, 1673
116, 0, 327, 448, 410, 123, 0.02%, 0, 0, 2, 198.88, 32545, 1674
121, 0, 327, 449, 411, 123, 0.02%, 0, 0, 3, 187.51, 33497, 1674
127, 0, 92, 451, 411, 123, 0.02%, 0, 0, 3, 225.07, 34659, 1676
132, 0, 92, 451, 411, 123, 0.02%, 0, 0, 3, 148.47, 35303, 1676
137, 0, 92, 469, 429, 123, 0.02%, 0, 0, 3, 127.20, 35913, 1708
142, 0, 92, 487, 447, 123, 0.02%, 0, 0, 3, 127.54, 36565, 1715
147, 0, 92, 498, 458, 123, 0.02%, 0, 0, 3, 122.29, 37194, 1730
152, 0, 92, 505, 465, 123, 0.02%, 0, 0, 3, 121.93, 37817, 1743
157, 0, 92, 509, 469, 123, 0.02%, 0, 0, 3, 124.15, 38451, 1752
163, 0, 92, 513, 473, 123, 0.02%, 0, 0, 3, 123.04, 39081, 1756
168, 0, 92, 515, 475, 123, 0.02%, 0, 0, 3, 117.93, 39683, 1761
173, 0, 92, 517, 477, 123, 0.02%, 0, 0, 3, 122.10, 40317, 1764
178, 0, 92, 521, 481, 123, 0.02%, 0, 0, 3, 128.88, 40973, 1767
183, 0, 92, 521, 481, 123, 0.02%, 0, 0, 3, 131.45, 41657, 1767
188, 0, 92, 521, 481, 123, 0.02%, 0, 0, 3, 126.16, 42313, 1767
193, 0, 92, 523, 483, 123, 0.02%, 0, 0, 3, 110.77, 42857, 1768
199, 0, 92, 523, 483, 123, 0.02%, 0, 0, 3, 118.84, 43487, 1768
204, 0, 92, 524, 484, 123, 0.02%, 0, 0, 3, 126.93, 44128, 1768
209, 0, 92, 526, 486, 123, 0.02%, 0, 0, 3, 130.61, 44815, 1768
214, 0, 92, 528, 488, 123, 0.02%, 1, 0, 3, 130.92, 45500, 1768
219, 0, 92, 530, 490, 123, 0.02%, 1, 0, 3, 121.44, 46104, 1769
224, 0, 92, 532, 492, 123, 0.02%, 1, 0, 3, 115.78, 46676, 1770
229, 0, 92, 533, 493, 123, 0.02%, 1, 0, 3, 117.42, 47277, 1771
234, 0, 92, 535, 495, 123, 0.02%, 1, 0, 3, 111.45, 47825, 1774
239, 0, 92, 536, 496, 123, 0.02%, 1, 0, 3, 110.63, 48378, 1775
244, 0, 92, 538, 498, 123, 0.02%, 1, 0, 3, 105.17, 48896, 1777
249, 0, 92, 538, 498, 123, 0.02%, 1, 0, 3, 102.59, 49412, 1777
254, 0, 92, 538, 498, 123, 0.02%, 2, 0, 3, 101.39, 49916, 1777
259, 0, 92, 538, 498, 123, 0.02%, 2, 0, 3, 102.28, 50430, 1777
264, 0, 92, 538, 498, 123, 0.02%, 2, 0, 3, 99.88, 50930, 1777
269, 0, 92, 539, 499, 123, 0.02%, 2, 0, 3, 108.82, 51489, 1777
274, 0, 92, 540, 500, 123, 0.02%, 2, 0, 3, 111.15, 52052, 1778
279, 0, 92, 542, 502, 123, 0.02%, 2, 0, 3, 109.99, 52612, 1778
285, 0, 92, 542, 502, 123, 0.02%, 2, 0, 3, 109.86, 53190, 1778
290, 0, 92, 544, 504, 123, 0.02%, 2, 0, 3, 107.09, 53740, 1781
295, 0, 92, 545, 505, 123, 0.02%, 2, 0, 3, 108.76, 54287, 1782
300, 0, 92, 545, 505, 123, 0.02%, 2, 0, 3, 109.14, 54863, 1782
305, 0, 92, 548, 508, 123, 0.02%, 2, 0, 3, 104.17, 55382, 1786
310, 0, 92, 550, 510, 123, 0.02%, 2, 0, 3, 105.78, 55914, 1787
315, 0, 92, 550, 510, 123, 0.02%, 2, 0, 3, 92.53, 56386, 1787
320, 0, 92, 553, 513, 123, 0.02%, 2, 0, 3, 97.09, 56888, 1790
325, 0, 92, 553, 513, 123, 0.02%, 2, 0, 3, 99.10, 57407, 1790
331, 0, 92, 554, 514, 123, 0.02%, 2, 0, 3, 96.26, 57907, 1791
336, 0, 92, 554, 514, 123, 0.02%, 3, 0, 3, 95.21, 58396, 1791
341, 0, 92, 554, 514, 123, 0.02%, 3, 0, 3, 101.77, 58922, 1791
346, 0, 92, 554, 514, 123, 0.02%, 3, 0, 3, 102.64, 59438, 1791
351, 0, 92, 554, 514, 123, 0.02%, 3, 0, 3, 100.89, 59944, 1791
356, 0, 92, 554, 514, 123, 0.02%, 3, 0, 3, 90.97, 60408, 1791
361, 0, 92, 555, 515, 123, 0.02%, 3, 0, 3, 84.31, 60849, 1791
366, 0, 92, 555, 515, 123, 0.02%, 3, 0, 3, 90.75, 61324, 1791
371, 0, 92, 555, 515, 123, 0.02%, 3, 0, 3, 92.96, 61794, 1791
377, 0, 92, 556, 516, 123, 0.02%, 3, 0, 3, 98.24, 62304, 1791
382, 0, 92, 557, 517, 123, 0.02%, 3, 0, 3, 99.26, 62811, 1792
387, 0, 92, 557, 517, 123, 0.02%, 3, 0, 3, 99.99, 63333, 1792
392, 0, 92, 558, 518, 123, 0.02%, 3, 0, 3, 94.26, 63827, 1792
397, 0, 92, 558, 518, 123, 0.02%, 3, 0, 3, 83.66, 64246, 1792
402, 0, 92, 560, 520, 123, 0.02%, 3, 0, 3, 87.97, 64697, 1793
407, 0, 92, 560, 520, 123, 0.02%, 3, 0, 3, 86.12, 65140, 1793
413, 0, 92, 561, 521, 123, 0.02%, 3, 0, 3, 84.17, 65572, 1794
418, 0, 92, 561, 521, 123, 0.02%, 3, 0, 3, 90.08, 66039, 1794
423, 0, 92, 561, 521, 123, 0.02%, 3, 0, 3, 93.46, 66522, 1794
428, 0, 92, 562, 522, 123, 0.02%, 3, 0, 3, 92.11, 66993, 1795
433, 0, 92, 562, 522, 123, 0.02%, 3, 0, 3, 91.08, 67456, 1795
438, 0, 92, 562, 522, 123, 0.02%, 3, 0, 3, 93.28, 67933, 1795
443, 0, 92, 564, 524, 123, 0.02%, 3, 0, 3, 93.77, 68423, 1797
449, 0, 92, 565, 525, 123, 0.02%, 3, 0, 3, 93.79, 68903, 1797
454, 0, 92, 567, 527, 123, 0.02%, 3, 0, 3, 89.89, 69356, 1798
459, 0, 218, 568, 527, 165, 0.02%, 3, 0, 3, 90.66, 69823, 1799
464, 0, 218, 568, 527, 165, 0.02%, 3, 0, 3, 90.43, 70288, 1799
469, 0, 218, 568, 527, 165, 0.02%, 3, 0, 3, 95.99, 70781, 1799
474, 0, 218, 572, 531, 165, 0.02%, 3, 0, 3, 92.44, 71246, 1799
479, 0, 139, 572, 530, 164, 0.02%, 3, 0, 3, 135.58, 71691, 1799
484, 0, 358, 572, 529, 163, 0.02%, 3, 0, 3, 118.38, 72307, 1799
489, 0, 358, 572, 529, 163, 0.02%, 3, 0, 3, 97.19, 72776, 1799
495, 0, 358, 574, 531, 163, 0.02%, 3, 0, 3, 95.82, 73260, 1801
500, 0, 358, 575, 532, 163, 0.02%, 3, 0, 3, 93.71, 73749, 1801
505, 0, 358, 576, 533, 163, 0.02%, 3, 0, 3, 98.25, 74255, 1801
510, 0, 358, 577, 534, 163, 0.02%, 3, 0, 3, 97.38, 74756, 1802
515, 0, 358, 577, 534, 163, 0.02%, 3, 0, 3, 98.32, 75259, 1802
520, 0, 358, 578, 535, 163, 0.02%, 3, 0, 3, 96.90, 75743, 1802
525, 0, 358, 579, 536, 163, 0.02%, 3, 0, 3, 91.25, 76211, 1802
530, 0, 358, 579, 536, 163, 0.02%, 3, 0, 3, 91.78, 76674, 1802
536, 0, 358, 580, 537, 163, 0.02%, 3, 0, 3, 92.26, 77144, 1802
541, 0, 358, 582, 539, 163, 0.02%, 3, 0, 3, 94.23, 77622, 1802
546, 0, 358, 582, 539, 163, 0.02%, 3, 0, 3, 96.75, 78124, 1802
551, 0, 358, 583, 540, 163, 0.02%, 3, 0, 3, 97.15, 78627, 1803
556, 0, 358, 584, 541, 163, 0.02%, 3, 0, 3, 96.94, 79122, 1803
561, 0, 358, 586, 543, 163, 0.02%, 3, 0, 3, 96.34, 79610, 1804
566, 0, 358, 586, 543, 163, 0.02%, 3, 0, 3, 96.23, 80104, 1804
571, 0, 358, 586, 543, 163, 0.02%, 3, 0, 3, 95.41, 80592, 1804
577, 0, 358, 586, 543, 163, 0.02%, 4, 0, 3, 95.20, 81081, 1804
582, 0, 358, 587, 544, 163, 0.02%, 4, 0, 3, 96.90, 81564, 1804
587, 0, 358, 587, 544, 163, 0.02%, 4, 0, 3, 98.28, 82065, 1804
592, 0, 358, 587, 544, 163, 0.02%, 4, 0, 3, 96.87, 82559, 1804
597, 0, 358, 587, 544, 163, 0.02%, 4, 0, 3, 98.53, 83067, 1804
602, 0, 358, 587, 544, 163, 0.02%, 4, 0, 3, 95.36, 83555, 1804
607, 0, 358, 588, 545, 163, 0.02%, 4, 0, 3, 97.79, 84054, 1804
612, 0, 358, 588, 545, 163, 0.02%, 4, 0, 3, 96.95, 84547, 1804
617, 0, 358, 588, 545, 163, 0.02%, 4, 0, 3, 96.17, 85037, 1804
622, 0, 358, 588, 545, 163, 0.02%, 4, 0, 3, 96.08, 85526, 1804
627, 0, 358, 588, 545, 163, 0.02%, 4, 0, 3, 94.64, 86011, 1804
633, 0, 358, 589, 546, 163, 0.02%, 4, 0, 3, 95.88, 86505, 1804
638, 0, 358, 589, 546, 163, 0.02%, 4, 0, 3, 95.76, 86997, 1804
643, 0, 358, 590, 547, 163, 0.02%, 4, 0, 3, 95.10, 87483, 1804
648, 0, 358, 590, 547, 163, 0.02%, 4, 0, 3, 93.68, 87962, 1804
653, 0, 358, 590, 547, 163, 0.02%, 4, 0, 3, 92.70, 88434, 1804
658, 0, 358, 590, 547, 163, 0.02%, 4, 0, 3, 94.13, 88917, 1804
663, 0, 358, 590, 547, 163, 0.02%, 4, 0, 3, 94.70, 89399, 1804
668, 0, 358, 590, 547, 163, 0.02%, 4, 0, 3, 93.08, 89875, 1804
673, 0, 358, 590, 547, 163, 0.02%, 4, 0, 3, 94.86, 90363, 1804
679, 0, 358, 590, 547, 163, 0.02%, 4, 0, 3, 94.91, 90845, 1804
684, 0, 358, 590, 547, 163, 0.02%, 4, 0, 3, 92.90, 91323, 1804
689, 0, 358, 591, 548, 163, 0.02%, 4, 0, 3, 93.25, 91800, 1804
694, 0, 358, 591, 548, 163, 0.02%, 4, 0, 3, 94.71, 92289, 1804
699, 0, 358, 591, 548, 163, 0.02%, 4, 0, 3, 96.16, 92783, 1804
704, 0, 358, 591, 548, 163, 0.02%, 4, 0, 3, 93.52, 93259, 1804
709, 0, 358, 592, 549, 163, 0.02%, 4, 0, 3, 94.05, 93748, 1804
715, 0, 358, 592, 549, 163, 0.02%, 4, 0, 3, 96.37, 94242, 1804
720, 0, 358, 592, 549, 163, 0.02%, 4, 0, 3, 95.42, 94728, 1804
725, 0, 358, 592, 549, 163, 0.02%, 4, 0, 3, 94.57, 95210, 1804
730, 0, 358, 594, 551, 163, 0.02%, 4, 0, 3, 91.11, 95672, 1805
735, 0, 358, 594, 551, 163, 0.02%, 4, 0, 3, 94.74, 96159, 1805
740, 0, 358, 594, 551, 163, 0.02%, 4, 0, 3, 95.28, 96652, 1805
745, 0, 358, 595, 552, 163, 0.02%, 4, 0, 3, 94.72, 97137, 1805
750, 0, 358, 595, 552, 163, 0.02%, 4, 0, 3, 96.25, 97630, 1805
755, 0, 358, 597, 554, 163, 0.02%, 4, 0, 3, 94.77, 98127, 1806
761, 0, 358, 598, 555, 163, 0.02%, 4, 0, 3, 95.22, 98607, 1807
766, 0, 358, 598, 555, 163, 0.02%, 4, 0, 3, 95.86, 99096, 1807
771, 0, 358, 598, 555, 163, 0.02%, 4, 0, 3, 94.84, 99578, 1807
776, 0, 358, 598, 555, 163, 0.02%, 4, 0, 3, 95.89, 100070, 1807
781, 0, 358, 599, 556, 163, 0.02%, 4, 0, 3, 92.51, 100551, 1807
786, 0, 358, 599, 556, 163, 0.02%, 4, 0, 3, 91.59, 101014, 1807
791, 0, 358, 599, 556, 163, 0.02%, 4, 0, 3, 91.32, 101485, 1807
796, 0, 358, 599, 556, 163, 0.02%, 4, 0, 3, 92.85, 101959, 1807
802, 0, 358, 599, 556, 163, 0.02%, 4, 0, 3, 93.52, 102436, 1807
807, 0, 358, 600, 557, 163, 0.02%, 4, 0, 3, 92.53, 102910, 1807
812, 0, 358, 601, 558, 163, 0.02%, 4, 0, 3, 91.75, 103375, 1807
817, 0, 358, 601, 558, 163, 0.02%, 4, 0, 3, 93.81, 103856, 1807
822, 0, 358, 601, 558, 163, 0.02%, 4, 0, 3, 91.85, 104329, 1807
827, 0, 358, 601, 558, 163, 0.02%, 4, 0, 3, 91.58, 104799, 1807
832, 0, 358, 601, 558, 163, 0.02%, 4, 0, 3, 92.51, 105273, 1807
837, 0, 358, 601, 558, 163, 0.02%, 4, 0, 3, 96.81, 105775, 1807
842, 0, 358, 603, 560, 163, 0.02%, 4, 0, 3, 95.17, 106252, 1809
848, 0, 126, 603, 559, 171, 0.02%, 4, 0, 3, 110.89, 106822, 1809
853, 0, 196, 603, 558, 170, 0.02%, 4, 0, 3, 111.43, 107425, 1809
858, 0, 196, 603, 558, 170, 0.02%, 4, 0, 3, 91.29, 107882, 1809
863, 0, 196, 603, 558, 170, 0.02%, 4, 0, 3, 95.17, 108372, 1809
868, 0, 316, 603, 557, 169, 0.02%, 4, 0, 3, 91.97, 108845, 1809
873, 0, 316, 604, 558, 169, 0.02%, 4, 0, 3, 88.21, 109300, 1809
879, 0, 316, 606, 560, 169, 0.02%, 4, 0, 3, 92.95, 109783, 1809
884, 0, 316, 606, 560, 169, 0.02%, 4, 0, 3, 95.18, 110271, 1809
889, 0, 316, 608, 562, 169, 0.02%, 4, 0, 3, 96.83, 110752, 1810
894, 0, 316, 608, 562, 169, 0.02%, 4, 0, 3, 99.29, 111260, 1810
899, 0, 316, 609, 563, 169, 0.02%, 4, 0, 3, 98.59, 111763, 1810
904, 0, 316, 610, 564, 169, 0.02%, 4, 0, 3, 98.11, 112267, 1810
909, 0, 316, 610, 564, 169, 0.02%, 4, 0, 3, 99.69, 112796, 1810
914, 0, 316, 610, 564, 169, 0.02%, 4, 0, 3, 94.44, 113272, 1810
919, 0, 316, 610, 564, 169, 0.02%, 4, 0, 3, 93.53, 113757, 1810
925, 0, 316, 611, 565, 169, 0.02%, 4, 0, 3, 95.79, 114248, 1810
930, 0, 316, 612, 566, 169, 0.02%, 4, 0, 3, 94.84, 114733, 1810
935, 0, 316, 612, 566, 169, 0.02%, 4, 0, 3, 97.15, 115233, 1810
940, 0, 316, 613, 567, 169, 0.02%, 4, 0, 3, 97.70, 115728, 1810
945, 0, 316, 613, 567, 169, 0.02%, 4, 0, 3, 99.21, 116237, 1810
950, 0, 316, 613, 567, 169, 0.02%, 4, 0, 3, 98.24, 116741, 1810
955, 0, 316, 614, 568, 169, 0.02%, 4, 0, 3, 97.51, 117237, 1810
960, 0, 316, 614, 568, 169, 0.02%, 4, 0, 3, 96.77, 117732, 1810
966, 0, 316, 614, 568, 169, 0.02%, 4, 0, 3, 95.98, 118223, 1810
971, 0, 316, 614, 568, 169, 0.02%, 4, 0, 3, 96.25, 118717, 1810
976, 0, 316, 615, 569, 169, 0.02%, 4, 0, 3, 97.14, 119216, 1811
981, 0, 316, 615, 569, 169, 0.02%, 4, 0, 3, 97.08, 119713, 1811
986, 0, 316, 615, 569, 169, 0.02%, 4, 0, 3, 95.07, 120193, 1811
991, 0, 316, 616, 570, 169, 0.02%, 4, 0, 3, 96.51, 120692, 1811
996, 0, 316, 616, 570, 169, 0.02%, 4, 0, 3, 96.20, 121184, 1811
1001, 0, 316, 616, 570, 169, 0.02%, 4, 0, 3, 94.32, 121666, 1811
1007, 0, 316, 617, 571, 169, 0.02%, 4, 0, 3, 97.01, 122171, 1811
1012, 0, 316, 617, 571, 169, 0.02%, 4, 0, 3, 96.72, 122663, 1811
1017, 0, 316, 618, 572, 169, 0.02%, 4, 0, 3, 97.70, 123173, 1811
1022, 0, 316, 618, 572, 169, 0.02%, 4, 0, 3, 97.03, 123673, 1811
1027, 0, 316, 618, 572, 169, 0.02%, 4, 0, 3, 98.15, 124180, 1811
1032, 0, 316, 618, 572, 169, 0.02%, 4, 0, 3, 98.18, 124684, 1811
1037, 0, 316, 618, 572, 169, 0.02%, 4, 0, 3, 97.01, 125181, 1811
1043, 0, 316, 618, 572, 169, 0.02%, 4, 0, 3, 97.04, 125678, 1811
1048, 0, 316, 618, 572, 169, 0.02%, 4, 0, 3, 95.90, 126171, 1811
1053, 0, 316, 618, 572, 169, 0.02%, 4, 0, 3, 95.53, 126660, 1811
1058, 0, 316, 618, 572, 169, 0.02%, 4, 0, 3, 95.49, 127149, 1811
1063, 0, 316, 618, 572, 169, 0.02%, 4, 0, 3, 97.22, 127642, 1811
1068, 0, 316, 618, 572, 169, 0.02%, 4, 0, 3, 97.66, 128143, 1811
1073, 0, 316, 618, 572, 169, 0.02%, 4, 0, 3, 97.93, 128643, 1811
1078, 0, 316, 618, 572, 169, 0.02%, 4, 0, 3, 97.99, 129144, 1811
1083, 0, 316, 618, 572, 169, 0.02%, 4, 0, 3, 95.76, 129635, 1811
1089, 0, 316, 618, 572, 169, 0.02%, 4, 0, 3, 95.49, 130125, 1811
1094, 0, 316, 618, 572, 169, 0.02%, 4, 0, 3, 94.96, 130615, 1811
1099, 0, 316, 618, 572, 169, 0.02%, 4, 0, 3, 96.03, 131105, 1811
1104, 0, 316, 618, 572, 169, 0.02%, 4, 0, 3, 93.98, 131585, 1811
1109, 0, 316, 618, 572, 169, 0.02%, 4, 0, 3, 97.23, 132082, 1811
1114, 0, 316, 619, 573, 169, 0.02%, 4, 0, 3, 97.53, 132582, 1811
1119, 0, 316, 619, 573, 169, 0.02%, 4, 0, 3, 99.44, 133095, 1811
1124, 0, 316, 619, 573, 169, 0.02%, 4, 0, 3, 98.96, 133598, 1811
1129, 0, 316, 619, 573, 169, 0.02%, 4, 0, 3, 99.17, 134102, 1811
1135, 0, 316, 620, 574, 169, 0.02%, 4, 0, 3, 98.74, 134613, 1811
1140, 0, 316, 620, 574, 169, 0.02%, 4, 0, 3, 98.74, 135116, 1811
1145, 0, 316, 620, 574, 169, 0.02%, 4, 0, 3, 98.03, 135616, 1811
1150, 0, 316, 620, 574, 169, 0.02%, 4, 0, 3, 96.10, 136107, 1811
1155, 0, 316, 620, 574, 169, 0.02%, 4, 0, 3, 98.21, 136607, 1811
1160, 0, 316, 621, 575, 169, 0.02%, 4, 0, 3, 96.01, 137097, 1812
1165, 0, 316, 621, 575, 169, 0.02%, 4, 0, 3, 98.71, 137605, 1812
1171, 0, 316, 621, 575, 169, 0.02%, 4, 0, 3, 98.43, 138108, 1812
1176, 0, 316, 621, 575, 169, 0.02%, 4, 0, 3, 96.67, 138601, 1812
1181, 0, 316, 621, 575, 169, 0.02%, 4, 0, 3, 97.84, 139099, 1812
1186, 0, 316, 622, 576, 169, 0.02%, 4, 0, 3, 97.23, 139585, 1812
1191, 0, 316, 622, 576, 169, 0.02%, 4, 0, 3, 96.50, 140077, 1812
1196, 0, 316, 622, 576, 169, 0.02%, 4, 0, 3, 98.03, 140578, 1812
1201, 0, 316, 622, 576, 169, 0.02%, 4, 0, 3, 97.74, 141077, 1812
1206, 0, 316, 622, 576, 169, 0.02%, 4, 0, 3, 96.54, 141568, 1812
1211, 0, 316, 622, 576, 169, 0.02%, 4, 0, 3, 96.32, 142066, 1812
1217, 0, 287, 622, 575, 170, 0.02%, 4, 0, 3, 92.96, 142558, 1812
1222, 0, 287, 622, 575, 170, 0.02%, 4, 0, 3, 114.17, 143179, 1812
1228, 0, 287, 623, 575, 169, 0.02%, 4, 0, 3, 118.33, 143884, 1812
1233, 0, 287, 651, 603, 169, 0.02%, 4, 0, 3, 88.79, 144275, 1824
1238, 0, 287, 689, 641, 169, 0.02%, 4, 0, 3, 70.19, 144587, 1831
1243, 0, 287, 729, 681, 169, 0.02%, 4, 0, 3, 66.29, 144915, 1836
1249, 0, 287, 769, 721, 169, 0.02%, 4, 0, 3, 63.56, 145239, 1844
1254, 0, 287, 777, 729, 169, 0.02%, 4, 0, 3, 69.08, 145717, 1845
1259, 0, 287, 804, 756, 169, 0.02%, 4, 0, 3, 71.97, 146118, 1856
1267, 0, 287, 844, 796, 169, 0.02%, 4, 0, 3, 78.04, 146819, 1862
1273, 0, 287, 859, 811, 169, 0.02%, 4, 0, 3, 84.21, 147376, 1865
1278, 0, 287, 872, 824, 169, 0.02%, 4, 0, 3, 80.32, 147831, 1869
1283, 0, 287, 905, 857, 169, 0.02%, 4, 0, 3, 74.13, 148214, 1880
1289, 0, 287, 907, 859, 169, 0.02%, 4, 0, 3, 75.83, 148800, 1880
1296, 0, 287, 917, 869, 169, 0.02%, 4, 0, 3, 79.39, 149465, 1882
1301, 0, 287, 938, 890, 169, 0.02%, 4, 0, 3, 79.54, 149895, 1884
1308, 0, 287, 942, 894, 169, 0.02%, 4, 0, 3, 82.39, 150535, 1889
1315, 0, 287, 958, 910, 169, 0.02%, 4, 0, 3, 86.49, 151292, 1904
1321, 0, 287, 962, 914, 169, 0.02%, 4, 0, 3, 87.18, 151854, 1904
1331, 0, 287, 976, 928, 169, 0.02%, 4, 0, 3, 85.86, 152843, 1939
1339, 0, 287, 983, 935, 169, 0.02%, 4, 0, 3, 85.18, 153617, 1939
1347, 0, 287, 991, 943, 169, 0.02%, 4, 0, 3, 83.26, 154374, 1942
1355, 0, 287, 995, 947, 169, 0.02%, 4, 0, 3, 86.47, 155191, 1946
1363, 0, 287, 996, 948, 169, 0.02%, 4, 0, 3, 87.50, 155983, 1946
1368, 0, 439, 996, 948, 222, 0.02%, 4, 0, 3, 122.02, 156595, 1946
1373, 0, 439, 996, 948, 222, 0.02%, 4, 0, 3, 118.81, 157207, 1946
1379, 0, 427, 996, 947, 221, 0.02%, 4, 0, 3, 86.75, 157784, 1946
1384, 0, 427, 996, 947, 221, 0.02%, 4, 0, 3, 112.64, 158391, 1946
1389, 0, 427, 996, 947, 221, 0.02%, 4, 0, 3, 120.44, 159003, 1946
1394, 0, 233, 996, 946, 220, 0.02%, 4, 0, 3, 73.76, 159468, 1946
1399, 0, 233, 996, 946, 220, 0.02%, 4, 0, 3, 91.24, 159942, 1946
1404, 0, 233, 996, 946, 220, 0.02%, 4, 0, 3, 94.28, 160423, 1946
1409, 0, 304, 996, 945, 219, 0.02%, 4, 0, 3, 94.31, 160914, 1946
1414, 0, 304, 996, 945, 219, 0.02%, 4, 0, 3, 91.77, 161377, 1946
1419, 0, 304, 996, 945, 219, 0.02%, 4, 0, 3, 96.19, 161866, 1946
1425, 0, 304, 996, 945, 219, 0.02%, 4, 0, 3, 93.08, 162338, 1946
1430, 0, 567, 996, 944, 218, 0.02%, 4, 0, 3, 86.20, 162754, 1946
1435, 0, 567, 996, 944, 218, 0.02%, 4, 0, 3, 87.50, 163196, 1946
1440, 0, 305, 997, 944, 217, 0.02%, 4, 0, 3, 111.68, 163656, 1946
1445, 0, 305, 997, 944, 217, 0.02%, 4, 1, 3, 104.79, 164091, 1946
1450, 0, 260, 997, 943, 216, 0.02%, 4, 1, 3, 93.53, 164549, 1946
1455, 0, 260, 997, 943, 216, 0.02%, 4, 1, 3, 90.03, 164998, 1946
1460, 0, 260, 997, 943, 216, 0.02%, 4, 1, 3, 88.95, 165450, 1946
1465, 0, 224, 997, 942, 215, 0.02%, 4, 1, 3, 87.56, 165907, 1946
1470, 0, 224, 997, 942, 215, 0.02%, 4, 1, 3, 88.91, 166352, 1946
1475, 0, 224, 997, 942, 215, 0.02%, 4, 1, 3, 100.95, 166883, 1946
1481, 0, 224, 997, 942, 215, 0.02%, 4, 1, 3, 97.50, 167377, 1946
1482, 0, 326, 997, 941, 214, 0.02%, 4, 1, 3, 95.48, 167469, 1946
