# relative_time, cycles_done, cur_item, corpus_count, pending_total, pending_favs, map_size, saved_crashes, saved_hangs, max_depth, execs_per_sec, total_execs, edges_found
61, 0, 97, 344, 307, 28, 0.02%, 0, 0, 2, 127.50, 8283, 1579
66, 0, 97, 347, 310, 28, 0.02%, 0, 0, 2, 130.86, 8940, 1583
71, 0, 97, 351, 314, 28, 0.02%, 0, 0, 2, 139.06, 9649, 1586
76, 0, 97, 354, 317, 28, 0.02%, 0, 0, 2, 144.37, 10407, 1587
81, 0, 97, 358, 321, 28, 0.02%, 0, 0, 2, 138.41, 11101, 1605
86, 0, 97, 361, 324, 28, 0.02%, 0, 0, 2, 124.00, 11712, 1605
91, 0, 97, 365, 328, 28, 0.02%, 0, 0, 2, 126.59, 12352, 1606
96, 0, 97, 369, 332, 28, 0.02%, 0, 0, 2, 118.54, 12954, 1608
101, 0, 97, 370, 333, 28, 0.02%, 0, 0, 2, 121.63, 13577, 1608
107, 0, 97, 373, 336, 28, 0.02%, 0, 0, 2, 116.64, 14164, 1609
112, 0, 97, 381, 344, 28, 0.02%, 0, 0, 2, 109.25, 14698, 1615
117, 0, 97, 383, 346, 28, 0.02%, 0, 0, 2, 107.14, 15248, 1615
122, 0, 97, 390, 353, 28, 0.02%, 0, 0, 2, 105.08, 15769, 1626
127, 0, 97, 392, 355, 28, 0.02%, 0, 0, 2, 108.84, 16335, 1628
132, 0, 97, 394, 357, 28, 0.02%, 0, 0, 2, 116.77, 16937, 1629
137, 0, 97, 394, 357, 28, 0.02%, 0, 0, 2, 122.77, 17575, 1629
142, 0, 97, 395, 358, 28, 0.02%, 0, 0, 2, 118.89, 18172, 1630
148, 0, 97, 395, 358, 28, 0.02%, 0, 0, 2, 121.98, 18806, 1630
153, 0, 97, 396, 359, 28, 0.02%, 0, 0, 2, 119.29, 19435, 1630
158, 0, 97, 397, 360, 28, 0.02%, 0, 0, 2, 118.91, 20042, 1630
163, 0, 97, 398, 361, 28, 0.02%, 0, 0, 2, 121.31, 20647, 1630
168, 0, 97, 398, 361, 28, 0.02%, 0, 0, 2, 115.05, 21221, 1630
173, 0, 97, 401, 364, 28, 0.02%, 0, 0, 2, 114.96, 21806, 1633
178, 0, 97, 403, 366, 28, 0.02%, 0, 0, 2, 109.49, 22352, 1635
183, 0, 97, 404, 367, 28, 0.02%, 0, 0, 2, 104.87, 22845, 1635
188, 0, 97, 406, 369, 28, 0.02%, 0, 0, 2, 105.64, 23385, 1636
193, 0, 97, 406, 369, 28, 0.02%, 0, 0, 2, 102.91, 23923, 1636
198, 0, 97, 408, 371, 28, 0.02%, 0, 0, 2, 99.96, 24421, 1637
204, 0, 97, 411, 374, 28, 0.02%, 1, 0, 2, 106.37, 24978, 1638
209, 0, 97, 412, 375, 28, 0.02%, 1, 0, 2, 108.88, 25533, 1639
214, 0, 97, 413, 376, 28, 0.02%, 1, 0, 2, 105.77, 26076, 1639
219, 0, 97, 414, 377, 28, 0.02%, 2, 0, 2, 103.82, 26593, 1639
224, 0, 97, 414, 377, 28, 0.02%, 2, 0, 2, 94.41, 27068, 1639
229, 0, 97, 416, 379, 28, 0.02%, 2, 0, 2, 95.47, 27544, 1640
234, 0, 97, 418, 381, 28, 0.02%, 2, 0, 2, 96.65, 28038, 1641
239, 0, 97, 420, 383, 28, 0.02%, 2, 0, 2, 100.66, 28553, 1641
246, 0, 97, 422, 384, 27, 0.02%, 2, 0, 2, 99.00, 29211, 1641
251, 0, 97, 454, 416, 27, 0.02%, 2, 0, 2, 84.28, 29625, 1672
256, 0, 97, 498, 460, 27, 0.02%, 2, 0, 2, 73.16, 29986, 1713
261, 0, 97, 536, 498, 27, 0.02%, 2, 0, 2, 63.97, 30291, 1769
266, 0, 323, 573, 535, 172, 0.02%, 2, 0, 2, 64.78, 30614, 1796
271, 0, 306, 574, 535, 171, 0.02%, 2, 0, 3, 86.74, 31098, 1796
277, 0, 306, 575, 536, 171, 0.02%, 2, 0, 3, 82.25, 31528, 1796
282, 0, 306, 576, 537, 171, 0.02%, 2, 0, 3, 95.16, 32030, 1796
287, 0, 306, 577, 538, 171, 0.02%, 2, 0, 3, 97.95, 32534, 1796
292, 0, 306, 578, 539, 171, 0.02%, 2, 0, 3, 98.32, 33038, 1796
297, 0, 306, 578, 539, 171, 0.02%, 2, 0, 3, 96.97, 33534, 1796
302, 0, 306, 579, 540, 171, 0.02%, 2, 0, 3, 100.49, 34057, 1796
307, 0, 306, 579, 540, 171, 0.02%, 2, 0, 3, 100.91, 34565, 1796
312, 0, 306, 580, 541, 171, 0.02%, 2, 0, 3, 99.33, 35073, 1796
317, 0, 306, 581, 542, 171, 0.02%, 2, 0, 3, 96.01, 35559, 1797
323, 0, 306, 582, 543, 171, 0.02%, 2, 0, 3, 96.25, 36053, 1797
328, 0, 306, 583, 544, 171, 0.02%, 2, 0, 3, 99.66, 36553, 1797
333, 0, 306, 583, 544, 171, 0.02%, 2, 0, 3, 98.48, 37060, 1797
338, 0, 306, 583, 544, 171, 0.02%, 2, 0, 3, 96.55, 37553, 1797
343, 0, 306, 583, 544, 171, 0.02%, 2, 0, 3, 114.34, 37928, 1797
348, 0, 306, 583, 544, 171, 0.02%, 2, 0, 3, 103.33, 38428, 1797
353, 0, 306, 583, 544, 171, 0.02%, 2, 0, 3, 103.52, 38948, 1797
358, 0, 306, 583, 544, 171, 0.02%, 2, 0, 3, 98.32, 39438, 1797
363, 0, 306, 583, 544, 171, 0.02%, 2, 0, 3, 95.26, 39929, 1797
368, 0, 306, 583, 544, 171, 0.02%, 2, 0, 3, 97.24, 40429, 1797
373, 0, 306, 584, 545, 171, 0.02%, 2, 0, 3, 97.61, 40937, 1797
379, 0, 306, 584, 545, 171, 0.02%, 2, 0, 3, 97.06, 41434, 1797
384, 0, 306, 584, 545, 171, 0.02%, 2, 0, 3, 95.45, 41918, 1797
389, 0, 306, 584, 545, 171, 0.02%, 2, 0, 3, 91.07, 42387, 1797
394, 0, 306, 584, 545, 171, 0.02%, 2, 0, 3, 89.48, 42838, 1797
399, 0, 306, 584, 545, 171, 0.02%, 2, 0, 3, 90.12, 43301, 1797
404, 0, 306, 584, 545, 171, 0.02%, 2, 0, 3, 94.45, 43791, 1797
409, 0, 306, 584, 545, 171, 0.02%, 2, 0, 3, 97.41, 44292, 1797
414, 0, 306, 584, 545, 171, 0.02%, 2, 0, 3, 96.99, 44793, 1797
420, 0, 306, 584, 545, 171, 0.02%, 2, 0, 3, 95.85, 45283, 1797
425, 0, 306, 585, 546, 171, 0.02%, 2, 0, 3, 94.78, 45770, 1798
430, 0, 306, 585, 546, 171, 0.02%, 2, 0, 3, 93.79, 46248, 1798
435, 0, 306, 585, 546, 171, 0.02%, 2, 0, 3, 94.22, 46730, 1798
440, 0, 306, 585, 546, 171, 0.02%, 2, 0, 3, 94.16, 47213, 1798
445, 0, 306, 585, 546, 171, 0.02%, 2, 0, 3, 96.01, 47704, 1798
450, 0, 306, 585, 546, 171, 0.02%, 2, 0, 3, 96.22, 48206, 1798
455, 0, 306, 585, 546, 171, 0.02%, 2, 0, 3, 95.71, 48700, 1798
461, 0, 306, 585, 546, 171, 0.02%, 2, 0, 3, 96.49, 49200, 1798
466, 0, 306, 585, 546, 171, 0.02%, 2, 0, 3, 97.38, 49700, 1798
471, 0, 306, 585, 546, 171, 0.02%, 2, 0, 3, 96.68, 50191, 1798
476, 0, 306, 585, 546, 171, 0.02%, 2, 0, 3, 96.73, 50690, 1798
481, 0, 306, 585, 546, 171, 0.02%, 2, 0, 3, 95.00, 51179, 1798
486, 0, 306, 585, 546, 171, 0.02%, 2, 0, 3, 93.85, 51663, 1798
491, 0, 306, 585, 546, 171, 0.02%, 2, 0, 3, 94.27, 52146, 1798
496, 0, 306, 585, 546, 171, 0.02%, 2, 0, 3, 95.55, 52636, 1798
502, 0, 306, 585, 546, 171, 0.02%, 2, 0, 3, 93.90, 53114, 1798
507, 0, 306, 586, 547, 171, 0.02%, 2, 0, 3, 93.67, 53589, 1798
512, 0, 306, 586, 547, 171, 0.02%, 2, 0, 3, 93.45, 54062, 1798
517, 0, 306, 586, 547, 171, 0.02%, 2, 0, 3, 92.82, 54536, 1798
522, 0, 306, 587, 548, 171, 0.02%, 2, 0, 3, 93.29, 55018, 1798
527, 0, 306, 587, 548, 171, 0.02%, 2, 0, 3, 94.05, 55500, 1798
532, 0, 306, 587, 548, 171, 0.02%, 2, 0, 3, 93.40, 55975, 1798
537, 0, 306, 587, 548, 171, 0.02%, 2, 0, 3, 93.70, 56453, 1798
543, 0, 306, 587, 548, 171, 0.02%, 2, 0, 3, 94.72, 56937, 1798
548, 0, 306, 587, 548, 171, 0.02%, 2, 0, 3, 93.73, 57417, 1798
553, 0, 306, 587, 548, 171, 0.02%, 2, 0, 3, 94.28, 57898, 1798
558, 0, 306, 587, 548, 171, 0.02%, 2, 0, 3, 91.62, 58371, 1798
563, 0, 306, 588, 549, 171, 0.02%, 2, 0, 3, 93.18, 58858, 1798
568, 0, 306, 588, 549, 171, 0.02%, 2, 0, 3, 92.61, 59333, 1798
573, 0, 306, 588, 549, 171, 0.02%, 2, 0, 3, 95.41, 59822, 1798
578, 0, 306, 589, 550, 171, 0.02%, 2, 0, 3, 93.74, 60301, 1798
584, 0, 306, 589, 550, 171, 0.02%, 2, 0, 3, 94.30, 60786, 1798
589, 0, 306, 589, 550, 171, 0.02%, 2, 0, 3, 94.75, 61270, 1798
594, 0, 306, 589, 550, 171, 0.02%, 2, 0, 3, 89.61, 61728, 1798
599, 0, 306, 589, 550, 171, 0.02%, 2, 0, 3, 94.91, 62221, 1798
604, 0, 306, 589, 550, 171, 0.02%, 2, 0, 3, 94.42, 62703, 1798
609, 0, 306, 589, 550, 171, 0.02%, 2, 0, 3, 92.41, 63174, 1798
614, 0, 306, 589, 550, 171, 0.02%, 2, 0, 3, 95.24, 63666, 1798
619, 0, 306, 589, 550, 171, 0.02%, 2, 0, 3, 94.31, 64146, 1798
624, 0, 306, 589, 550, 171, 0.02%, 2, 0, 3, 93.74, 64626, 1798
630, 0, 194, 589, 549, 172, 0.02%, 2, 0, 3, 88.20, 65072, 1798
635, 0, 194, 589, 549, 172, 0.02%, 2, 0, 3, 90.16, 65533, 1798
640, 0, 194, 589, 549, 172, 0.02%, 2, 0, 3, 91.53, 66007, 1798
645, 0, 154, 589, 548, 171, 0.02%, 2, 0, 3, 109.47, 66569, 1798
650, 0, 299, 589, 547, 170, 0.02%, 2, 0, 3, 112.56, 67149, 1798
655, 0, 299, 589, 547, 170, 0.02%, 2, 0, 3, 113.21, 67714, 1798
660, 0, 299, 600, 558, 170, 0.02%, 2, 0, 3, 108.22, 68269, 1802
665, 0, 299, 603, 561, 170, 0.02%, 2, 0, 3, 115.17, 68856, 1803
670, 0, 299, 604, 562, 170, 0.02%, 2, 0, 3, 118.99, 69477, 1803
675, 0, 299, 606, 564, 170, 0.02%, 2, 0, 3, 115.25, 70055, 1804
681, 0, 299, 608, 566, 170, 0.02%, 2, 0, 3, 116.53, 70645, 1804
686, 0, 299, 608, 566, 170, 0.02%, 2, 0, 3, 117.88, 71255, 1804
691, 0, 299, 608, 566, 170, 0.02%, 2, 0, 3, 118.35, 71847, 1804
696, 0, 299, 609, 567, 170, 0.02%, 2, 0, 3, 116.86, 72454, 1805
701, 0, 219, 609, 566, 172, 0.02%, 2, 0, 3, 96.92, 72922, 1805
706, 0, 219, 609, 566, 172, 0.02%, 2, 0, 3, 94.47, 73394, 1805
711, 0, 536, 609, 565, 171, 0.02%, 2, 0, 3, 97.86, 73885, 1805
716, 0, 536, 609, 565, 171, 0.02%, 2, 0, 3, 112.38, 74488, 1805
721, 0, 536, 611, 567, 171, 0.02%, 2, 0, 3, 115.11, 75076, 1805
726, 0, 536, 617, 573, 171, 0.02%, 2, 0, 3, 113.65, 75654, 1811
732, 0, 536, 619, 575, 171, 0.02%, 2, 0, 3, 115.39, 76234, 1812
737, 0, 536, 621, 577, 171, 0.02%, 2, 0, 3, 116.75, 76828, 1816
742, 0, 536, 621, 577, 171, 0.02%, 2, 0, 3, 117.43, 77434, 1816
747, 0, 536, 621, 577, 171, 0.02%, 2, 0, 3, 118.02, 78024, 1816
752, 0, 237, 624, 579, 176, 0.02%, 2, 0, 3, 109.11, 78587, 1818
757, 0, 237, 624, 579, 176, 0.02%, 2, 0, 3, 91.61, 79040, 1818
762, 0, 237, 624, 579, 176, 0.02%, 2, 0, 3, 94.76, 79527, 1818
767, 0, 257, 626, 580, 176, 0.02%, 2, 0, 3, 90.00, 79990, 1819
773, 0, 257, 626, 580, 176, 0.02%, 2, 0, 3, 92.28, 80466, 1819
778, 0, 257, 626, 580, 176, 0.02%, 2, 0, 3, 94.08, 80950, 1819
783, 0, 28, 626, 579, 175, 0.02%, 2, 0, 3, 105.58, 81469, 1819
788, 0, 28, 626, 579, 175, 0.02%, 2, 0, 3, 119.55, 82099, 1819
793, 0, 28, 626, 579, 175, 0.02%, 2, 0, 3, 119.84, 82705, 1819
798, 0, 90, 626, 578, 174, 0.02%, 2, 0, 3, 96.79, 83195, 1819
803, 0, 90, 626, 578, 174, 0.02%, 2, 0, 3, 88.02, 83636, 1819
808, 0, 90, 628, 580, 174, 0.02%, 2, 0, 3, 83.21, 84058, 1819
814, 0, 90, 628, 580, 174, 0.02%, 2, 0, 3, 85.39, 84495, 1819
819, 0, 90, 628, 580, 174, 0.02%, 2, 0, 3, 86.08, 84938, 1819
824, 0, 90, 628, 580, 174, 0.02%, 2, 0, 3, 99.90, 85453, 1819
829, 0, 313, 628, 579, 173, 0.02%, 2, 0, 3, 91.75, 85906, 1819
834, 0, 313, 628, 579, 173, 0.02%, 2, 0, 3, 94.38, 86385, 1819
839, 0, 327, 628, 578, 172, 0.02%, 2, 0, 3, 90.59, 86854, 1819
844, 0, 327, 628, 578, 172, 0.02%, 2, 0, 3, 87.88, 87303, 1819
849, 0, 327, 628, 578, 172, 0.02%, 2, 0, 3, 98.39, 87816, 1819
855, 0, 210, 628, 577, 170, 0.02%, 2, 0, 3, 92.01, 88290, 1819
860, 0, 210, 628, 577, 170, 0.02%, 2, 0, 3, 89.83, 88744, 1819
865, 0, 210, 629, 578, 170, 0.02%, 2, 0, 3, 95.86, 89230, 1819
870, 0, 94, 629, 577, 169, 0.02%, 2, 0, 3, 86.33, 89655, 1819
875, 0, 94, 629, 577, 169, 0.02%, 2, 0, 3, 85.52, 90095, 1819
880, 0, 94, 629, 577, 169, 0.02%, 2, 0, 3, 80.71, 90510, 1819
885, 0, 94, 647, 595, 169, 0.02%, 4, 0, 3, 77.37, 90885, 1827
890, 0, 94, 661, 609, 169, 0.02%, 4, 0, 3, 77.72, 91284, 1832
895, 0, 94, 664, 612, 169, 0.02%, 4, 0, 3, 82.33, 91710, 1832
901, 0, 94, 669, 617, 169, 0.02%, 4, 0, 3, 81.31, 92128, 1832
906, 0, 94, 671, 619, 169, 0.02%, 5, 0, 3, 83.87, 92563, 1832
911, 0, 94, 674, 622, 169, 0.02%, 6, 0, 3, 83.82, 92988, 1832
916, 0, 94, 677, 625, 169, 0.02%, 6, 0, 3, 84.06, 93411, 1832
921, 0, 94, 678, 626, 169, 0.02%, 7, 0, 3, 84.13, 93847, 1834
926, 0, 94, 680, 628, 169, 0.02%, 7, 0, 3, 82.88, 94267, 1834
931, 0, 94, 682, 630, 169, 0.02%, 9, 0, 3, 84.14, 94691, 1834
936, 0, 94, 683, 631, 169, 0.02%, 9, 0, 3, 85.22, 95128, 1834
941, 0, 94, 683, 631, 169, 0.02%, 10, 0, 3, 86.19, 95572, 1834
946, 0, 94, 686, 634, 169, 0.02%, 10, 0, 3, 84.43, 95991, 1835
952, 0, 94, 688, 636, 169, 0.02%, 10, 0, 3, 83.25, 96415, 1835
957, 0, 94, 689, 637, 169, 0.02%, 10, 0, 3, 83.26, 96845, 1835
962, 0, 94, 689, 637, 169, 0.02%, 10, 0, 3, 82.94, 97271, 1835
967, 0, 94, 690, 638, 169, 0.02%, 10, 0, 3, 82.79, 97705, 1835
972, 0, 94, 692, 640, 169, 0.02%, 10, 0, 3, 83.21, 98132, 1835
977, 0, 94, 693, 641, 169, 0.02%, 10, 0, 3, 84.36, 98567, 1835
983, 0, 94, 693, 641, 169, 0.02%, 10, 0, 3, 86.99, 99015, 1835
988, 0, 94, 694, 642, 169, 0.02%, 10, 0, 3, 86.46, 99451, 1835
993, 0, 94, 695, 643, 169, 0.02%, 10, 0, 3, 86.61, 99891, 1835
998, 0, 94, 697, 645, 169, 0.02%, 10, 0, 3, 84.74, 100325, 1835
1003, 0, 94, 698, 646, 169, 0.02%, 10, 0, 3, 85.34, 100750, 1835
1008, 0, 94, 698, 646, 169, 0.02%, 10, 0, 3, 83.93, 101187, 1835
1013, 0, 94, 699, 647, 169, 0.02%, 10, 0, 3, 84.92, 101631, 1835
1018, 0, 94, 699, 647, 169, 0.02%, 10, 0, 3, 85.46, 102068, 1835
1024, 0, 94, 700, 648, 169, 0.02%, 10, 0, 3, 84.80, 102504, 1835
1029, 0, 94, 701, 649, 169, 0.02%, 10, 0, 3, 86.70, 102949, 1835
1034, 0, 94, 702, 650, 169, 0.02%, 11, 0, 3, 85.36, 103394, 1836
1039, 0, 94, 702, 650, 169, 0.02%, 11, 0, 3, 85.90, 103834, 1836
1044, 0, 94, 703, 651, 169, 0.02%, 11, 0, 3, 84.91, 104267, 1836
1049, 0, 94, 703, 651, 169, 0.02%, 11, 0, 3, 85.55, 104705, 1836
1054, 0, 94, 704, 652, 169, 0.02%, 11, 0, 3, 85.47, 105146, 1837
1060, 0, 94, 704, 652, 169, 0.02%, 11, 0, 3, 85.69, 105583, 1837
1065, 0, 94, 705, 653, 169, 0.02%, 11, 0, 3, 84.11, 106014, 1838
1070, 0, 94, 706, 654, 169, 0.02%, 11, 0, 3, 84.69, 106448, 1838
1075, 0, 94, 706, 654, 169, 0.02%, 11, 0, 3, 84.64, 106883, 1838
1080, 0, 94, 706, 654, 169, 0.02%, 11, 0, 3, 85.11, 107322, 1838
1085, 0, 94, 706, 654, 169, 0.02%, 11, 0, 3, 83.00, 107749, 1838
1090, 0, 94, 707, 655, 169, 0.02%, 11, 0, 3, 80.75, 108157, 1838
1096, 0, 94, 708, 656, 169, 0.02%, 11, 0, 3, 83.24, 108599, 1838
1101, 0, 94, 708, 656, 169, 0.02%, 11, 0, 3, 86.21, 109043, 1838
1106, 0, 94, 708, 656, 169, 0.02%, 11, 0, 3, 87.51, 109494, 1838
1111, 0, 94, 708, 656, 169, 0.02%, 11, 0, 3, 87.87, 109946, 1838
1116, 0, 94, 708, 656, 169, 0.02%, 11, 0, 3, 86.47, 110388, 1838
1121, 0, 94, 708, 656, 169, 0.02%, 11, 0, 3, 87.78, 110838, 1838
1126, 0, 94, 708, 656, 169, 0.02%, 11, 0, 3, 87.72, 111285, 1838
1131, 0, 94, 708, 656, 169, 0.02%, 11, 0, 3, 88.20, 111736, 1838
1137, 0, 94, 709, 657, 169, 0.02%, 11, 0, 3, 89.74, 112199, 1838
1142, 0, 94, 709, 657, 169, 0.02%, 11, 0, 3, 86.47, 112643, 1838
1147, 0, 94, 709, 657, 169, 0.02%, 11, 0, 3, 89.62, 113103, 1838
1152, 0, 94, 709, 657, 169, 0.02%, 12, 0, 3, 89.52, 113561, 1838
1157, 0, 94, 709, 657, 169, 0.02%, 12, 0, 3, 91.60, 114029, 1838
1162, 0, 94, 710, 658, 169, 0.02%, 12, 0, 3, 89.73, 114488, 1838
1167, 0, 94, 710, 658, 169, 0.02%, 12, 0, 3, 90.83, 114955, 1838
1172, 0, 94, 710, 658, 169, 0.02%, 12, 0, 3, 89.32, 115414, 1838
1178, 0, 94, 710, 658, 169, 0.02%, 12, 0, 3, 111.34, 115969, 1838
1183, 0, 94, 713, 661, 169, 0.02%, 12, 0, 3, 103.85, 116510, 1838
1188, 0, 94, 715, 663, 169, 0.02%, 12, 0, 3, 94.15, 116985, 1838
1193, 0, 94, 717, 665, 169, 0.02%, 12, 0, 3, 94.30, 117475, 1838
1198, 0, 94, 720, 668, 169, 0.02%, 12, 0, 3, 91.38, 117942, 1838
1203, 0, 94, 720, 668, 169, 0.02%, 12, 0, 3, 90.85, 118405, 1838
1208, 0, 94, 720, 668, 169, 0.02%, 12, 0, 3, 92.19, 118873, 1838
1214, 0, 94, 722, 670, 169, 0.02%, 12, 0, 3, 92.05, 119347, 1838
1219, 0, 186, 722, 669, 174, 0.02%, 12, 0, 3, 95.79, 119830, 1838
1224, 0, 186, 722, 669, 174, 0.02%, 12, 0, 3, 97.52, 120322, 1838
1229, 0, 186, 722, 669, 174, 0.02%, 12, 0, 3, 98.36, 120831, 1838
1234, 0, 73, 722, 668, 173, 0.02%, 12, 0, 3, 84.62, 121235, 1838
1239, 0, 73, 722, 668, 173, 0.02%, 12, 0, 3, 81.47, 121650, 1838
1244, 0, 73, 722, 668, 173, 0.02%, 12, 0, 3, 80.69, 122073, 1838
1249, 0, 73, 722, 668, 173, 0.02%, 12, 0, 3, 76.95, 122463, 1838
1254, 0, 73, 723, 669, 173, 0.02%, 12, 0, 3, 79.08, 122856, 1838
1259, 0, 73, 724, 670, 173, 0.02%, 12, 0, 3, 82.45, 123286, 1839
1265, 0, 73, 725, 671, 173, 0.02%, 12, 0, 3, 81.42, 123704, 1839
1270, 0, 73, 726, 672, 173, 0.02%, 12, 0, 3, 82.19, 124118, 1840
1275, 0, 73, 726, 672, 173, 0.02%, 12, 0, 3, 82.83, 124542, 1840
1280, 0, 73, 726, 672, 173, 0.02%, 13, 0, 3, 80.99, 124962, 1840
1285, 0, 73, 727, 673, 173, 0.02%, 13, 0, 3, 80.73, 125367, 1841
1290, 0, 73, 728, 674, 173, 0.02%, 13, 0, 3, 81.05, 125785, 1841
1295, 0, 73, 728, 674, 173, 0.02%, 13, 0, 3, 78.70, 126188, 1841
1300, 0, 73, 728, 674, 173, 0.02%, 13, 0, 3, 76.39, 126584, 1841
1306, 0, 73, 728, 674, 173, 0.02%, 13, 0, 3, 79.00, 126985, 1841
1311, 0, 73, 728, 674, 173, 0.02%, 13, 0, 3, 79.66, 127391, 1841
1316, 0, 73, 729, 675, 173, 0.02%, 13, 0, 3, 81.36, 127811, 1841
1321, 0, 73, 729, 675, 173, 0.02%, 13, 0, 3, 79.27, 128216, 1841
1326, 0, 73, 729, 675, 173, 0.02%, 13, 0, 3, 79.71, 128629, 1841
1331, 0, 73, 730, 676, 173, 0.02%, 13, 0, 3, 78.91, 129040, 1841
1337, 0, 73, 730, 676, 173, 0.02%, 13, 0, 3, 84.88, 129487, 1841
1342, 0, 73, 730, 676, 173, 0.02%, 13, 0, 3, 84.12, 129922, 1841
1347, 0, 73, 730, 676, 173, 0.02%, 13, 0, 3, 93.92, 130382, 1841
1352, 0, 73, 730, 676, 173, 0.02%, 13, 0, 3, 114.73, 131001, 1841
1357, 0, 73, 730, 676, 173, 0.02%, 13, 0, 3, 130.58, 131683, 1841
1362, 0, 73, 730, 676, 173, 0.02%, 13, 0, 3, 155.30, 132489, 1841
1364, 0, 73, 730, 676, 173, 0.02%, 13, 0, 3, 158.99, 132758, 1841
