# relative_time, cycles_done, cur_item, corpus_count, pending_total, pending_favs, map_size, saved_crashes, saved_hangs, max_depth, execs_per_sec, total_execs, edges_found
61, 0, 97, 368, 331, 31, 0.02%, 0, 0, 2, 180.14, 13968, 1643
66, 0, 97, 371, 334, 31, 0.02%, 0, 0, 2, 181.13, 14913, 1643
71, 0, 97, 375, 338, 31, 0.02%, 0, 0, 2, 185.51, 15850, 1644
76, 0, 97, 378, 341, 31, 0.02%, 0, 0, 2, 190.00, 16843, 1644
82, 0, 97, 379, 342, 31, 0.02%, 0, 0, 2, 188.92, 17834, 1645
87, 0, 97, 382, 345, 31, 0.02%, 0, 0, 2, 181.27, 18737, 1646
92, 0, 97, 384, 347, 31, 0.02%, 0, 0, 2, 179.73, 19672, 1646
97, 0, 97, 384, 347, 31, 0.02%, 0, 0, 2, 182.89, 20626, 1646
102, 0, 97, 387, 350, 31, 0.02%, 0, 0, 2, 173.76, 21541, 1652
107, 0, 97, 391, 354, 31, 0.02%, 0, 0, 2, 173.79, 22412, 1652
112, 0, 97, 392, 355, 31, 0.02%, 0, 0, 2, 187.74, 23367, 1652
117, 0, 97, 395, 358, 31, 0.02%, 0, 0, 2, 192.74, 24339, 1652
122, 0, 97, 395, 358, 31, 0.02%, 0, 0, 2, 194.68, 25311, 1652
127, 0, 97, 397, 360, 31, 0.02%, 0, 0, 2, 178.45, 26210, 1653
133, 0, 97, 398, 361, 31, 0.02%, 0, 0, 2, 167.19, 27000, 1653
138, 0, 97, 399, 362, 31, 0.02%, 0, 0, 2, 172.83, 27910, 1653
144, 0, 97, 402, 364, 30, 0.02%, 0, 0, 2, 181.11, 28998, 1653
149, 0, 97, 472, 434, 30, 0.02%, 0, 0, 2, 153.12, 29745, 1711
154, 0, 245, 528, 490, 160, 0.02%, 0, 0, 2, 178.99, 30582, 1773
159, 0, 100, 532, 493, 161, 0.02%, 0, 0, 3, 205.25, 31695, 1775
164, 0, 100, 532, 493, 161, 0.02%, 0, 0, 3, 162.06, 32453, 1775
169, 0, 100, 532, 493, 161, 0.02%, 0, 0, 3, 140.00, 33153, 1775
174, 0, 100, 546, 507, 161, 0.02%, 0, 0, 3, 136.89, 33812, 1779
179, 0, 100, 548, 509, 161, 0.02%, 0, 0, 3, 130.38, 34488, 1779
184, 0, 100, 548, 509, 161, 0.02%, 0, 0, 3, 120.08, 35106, 1779
189, 0, 100, 548, 509, 161, 0.02%, 2, 0, 3, 103.71, 35622, 1779
194, 0, 100, 548, 509, 161, 0.02%, 2, 0, 3, 105.73, 36152, 1779
199, 0, 100, 549, 510, 161, 0.02%, 2, 0, 3, 101.21, 36655, 1779
204, 0, 100, 550, 511, 161, 0.02%, 2, 0, 3, 104.72, 37178, 1779
209, 0, 100, 551, 512, 161, 0.02%, 2, 0, 3, 108.09, 37725, 1780
215, 0, 100, 552, 513, 161, 0.02%, 2, 0, 3, 107.10, 38280, 1781
220, 0, 100, 552, 513, 161, 0.02%, 2, 0, 3, 107.28, 38840, 1781
225, 0, 100, 552, 513, 161, 0.02%, 2, 0, 3, 107.83, 39384, 1781
230, 0, 100, 552, 513, 161, 0.02%, 2, 0, 3, 105.72, 39906, 1781
235, 0, 100, 552, 513, 161, 0.02%, 2, 0, 3, 107.11, 40464, 1781
240, 0, 100, 553, 514, 161, 0.02%, 2, 0, 3, 103.05, 40983, 1782
245, 0, 100, 553, 514, 161, 0.02%, 3, 0, 3, 103.30, 41517, 1782
250, 0, 100, 553, 514, 161, 0.02%, 4, 0, 3, 100.50, 42039, 1782
256, 0, 100, 554, 515, 161, 0.02%, 4, 0, 3, 94.01, 42500, 1782
261, 0, 100, 555, 516, 161, 0.02%, 4, 0, 3, 97.86, 43005, 1783
266, 0, 100, 556, 517, 161, 0.02%, 4, 0, 3, 93.92, 43486, 1784
271, 0, 100, 556, 517, 161, 0.02%, 4, 0, 3, 91.54, 43954, 1784
276, 0, 100, 557, 518, 161, 0.02%, 4, 0, 3, 95.82, 44439, 1785
281, 0, 100, 557, 518, 161, 0.02%, 5, 0, 3, 98.25, 44945, 1785
286, 0, 100, 558, 519, 161, 0.02%, 5, 0, 3, 97.27, 45450, 1785
292, 0, 100, 558, 519, 161, 0.02%, 5, 0, 3, 93.19, 45923, 1785
297, 0, 100, 558, 519, 161, 0.02%, 5, 0, 3, 85.75, 46361, 1785
302, 0, 100, 558, 519, 161, 0.02%, 5, 0, 3, 86.26, 46792, 1785
307, 0, 100, 559, 520, 161, 0.02%, 5, 0, 3, 89.18, 47249, 1785
312, 0, 100, 559, 520, 161, 0.02%, 5, 0, 3, 92.29, 47708, 1785
317, 0, 100, 559, 520, 161, 0.02%, 5, 0, 3, 95.34, 48201, 1785
322, 0, 100, 559, 520, 161, 0.02%, 5, 0, 3, 96.55, 48696, 1785
327, 0, 100, 560, 521, 161, 0.02%, 5, 0, 3, 94.25, 49177, 1785
332, 0, 100, 560, 521, 161, 0.02%, 5, 0, 3, 85.03, 49601, 1785
338, 0, 100, 560, 521, 161, 0.02%, 5, 0, 3, 82.50, 50010, 1785
343, 0, 100, 560, 521, 161, 0.02%, 5, 0, 3, 85.16, 50454, 1785
348, 0, 100, 561, 522, 161, 0.02%, 5, 0, 3, 80.22, 50872, 1787
353, 0, 100, 561, 522, 161, 0.02%, 5, 0, 3, 85.24, 51320, 1787
358, 0, 100, 561, 522, 161, 0.02%, 5, 0, 3, 91.91, 51799, 1787
363, 0, 100, 561, 522, 161, 0.02%, 5, 0, 3, 93.37, 52278, 1787
368, 0, 100, 561, 522, 161, 0.02%, 5, 0, 3, 89.56, 52736, 1787
374, 0, 100, 561, 522, 161, 0.02%, 5, 0, 3, 90.54, 53204, 1787
379, 0, 100, 561, 522, 161, 0.02%, 5, 0, 3, 91.58, 53674, 1787
384, 0, 100, 561, 522, 161, 0.02%, 6, 0, 3, 88.83, 54125, 1787
389, 0, 100, 561, 522, 161, 0.02%, 6, 0, 3, 88.28, 54583, 1787
394, 0, 100, 561, 522, 161, 0.02%, 6, 0, 3, 86.07, 55022, 1787
399, 0, 100, 561, 522, 161, 0.02%, 6, 0, 3, 83.96, 55452, 1787
404, 0, 100, 562, 523, 161, 0.02%, 6, 0, 3, 84.56, 55891, 1788
409, 0, 100, 562, 523, 161, 0.02%, 6, 0, 3, 80.04, 56308, 1788
415, 0, 100, 562, 523, 161, 0.02%, 6, 0, 3, 15.84, 56646, 1788
420, 0, 100, 562, 523, 161, 0.02%, 6, 0, 3, 91.38, 57095, 1788
425, 0, 100, 562, 523, 161, 0.02%, 6, 0, 3, 87.32, 57529, 1788
430, 0, 100, 563, 524, 161, 0.02%, 7, 0, 3, 87.70, 57981, 1788
435, 0, 100, 563, 524, 161, 0.02%, 7, 0, 3, 99.68, 58489, 1788
440, 0, 100, 565, 526, 161, 0.02%, 7, 0, 3, 97.06, 58979, 1788
446, 0, 242, 565, 525, 168, 0.02%, 7, 0, 3, 89.80, 59432, 1788
451, 0, 242, 565, 525, 168, 0.02%, 7, 0, 3, 98.09, 59926, 1788
456, 0, 416, 565, 524, 167, 0.02%, 7, 0, 3, 100.97, 60434, 1788
461, 0, 416, 565, 524, 167, 0.02%, 7, 0, 3, 108.41, 61000, 1788
466, 0, 416, 567, 526, 167, 0.02%, 7, 0, 3, 106.94, 61528, 1788
471, 0, 249, 568, 526, 167, 0.02%, 7, 0, 3, 96.60, 62034, 1789
476, 0, 249, 568, 526, 167, 0.02%, 7, 0, 3, 86.76, 62469, 1789
481, 0, 249, 568, 526, 167, 0.02%, 7, 0, 3, 94.94, 62961, 1789
486, 0, 337, 570, 527, 166, 0.02%, 7, 0, 3, 93.30, 63435, 1789
492, 0, 337, 570, 527, 166, 0.02%, 7, 0, 3, 89.22, 63886, 1789
497, 0, 94, 570, 526, 165, 0.02%, 7, 0, 3, 86.22, 64321, 1789
502, 0, 94, 570, 526, 165, 0.02%, 7, 0, 3, 84.27, 64750, 1789
507, 0, 94, 570, 526, 165, 0.02%, 7, 0, 3, 84.01, 65183, 1789
512, 0, 94, 582, 538, 165, 0.02%, 7, 0, 3, 76.26, 65563, 1794
517, 0, 94, 599, 555, 165, 0.02%, 7, 0, 3, 74.89, 65932, 1801
522, 0, 94, 612, 568, 165, 0.02%, 8, 0, 3, 82.54, 66346, 1802
527, 0, 94, 614, 570, 165, 0.02%, 8, 0, 3, 85.39, 66781, 1802
532, 0, 94, 620, 576, 165, 0.02%, 8, 0, 3, 84.42, 67209, 1805
537, 0, 94, 626, 582, 165, 0.02%, 8, 0, 3, 86.37, 67657, 1807
542, 0, 94, 629, 585, 165, 0.02%, 8, 0, 3, 86.31, 68089, 1809
547, 0, 94, 632, 588, 165, 0.02%, 9, 0, 3, 86.87, 68529, 1809
553, 0, 94, 636, 592, 165, 0.02%, 10, 0, 3, 84.58, 68968, 1809
558, 0, 94, 638, 594, 165, 0.02%, 10, 0, 3, 85.49, 69400, 1810
563, 0, 94, 639, 595, 165, 0.02%, 10, 0, 3, 85.34, 69841, 1812
568, 0, 94, 642, 598, 165, 0.02%, 10, 0, 3, 84.38, 70280, 1814
573, 0, 94, 643, 599, 165, 0.02%, 10, 0, 3, 85.59, 70721, 1815
578, 0, 94, 644, 600, 165, 0.02%, 11, 0, 3, 85.65, 71164, 1815
583, 0, 94, 644, 600, 165, 0.02%, 12, 0, 3, 85.07, 71602, 1815
589, 0, 94, 644, 600, 165, 0.02%, 12, 0, 3, 85.10, 72041, 1815
594, 0, 94, 644, 600, 165, 0.02%, 12, 0, 3, 85.31, 72475, 1815
599, 0, 94, 647, 603, 165, 0.02%, 12, 0, 3, 83.90, 72907, 1815
604, 0, 94, 647, 603, 165, 0.02%, 12, 0, 3, 84.17, 73340, 1815
609, 0, 94, 649, 605, 165, 0.02%, 13, 0, 3, 85.11, 73777, 1815
614, 0, 94, 649, 605, 165, 0.02%, 13, 0, 3, 84.16, 74211, 1815
619, 0, 94, 649, 605, 165, 0.02%, 14, 0, 3, 87.18, 74656, 1815
624, 0, 94, 649, 605, 165, 0.02%, 14, 0, 3, 86.30, 75094, 1815
630, 0, 94, 650, 606, 165, 0.02%, 14, 0, 3, 85.11, 75528, 1815
635, 0, 94, 651, 607, 165, 0.02%, 14, 0, 3, 86.16, 75959, 1816
640, 0, 94, 651, 607, 165, 0.02%, 14, 0, 3, 86.14, 76398, 1816
645, 0, 94, 653, 609, 165, 0.02%, 14, 0, 3, 86.60, 76844, 1816
650, 0, 94, 655, 611, 165, 0.02%, 14, 0, 3, 85.72, 77276, 1816
655, 0, 94, 656, 612, 165, 0.02%, 14, 0, 3, 86.45, 77708, 1816
660, 0, 94, 656, 612, 165, 0.02%, 14, 0, 3, 86.26, 78151, 1816
665, 0, 94, 656, 612, 165, 0.02%, 14, 0, 3, 86.29, 78594, 1816
670, 0, 94, 657, 613, 165, 0.02%, 14, 0, 3, 85.14, 79022, 1817
675, 0, 94, 659, 615, 165, 0.02%, 14, 0, 3, 85.43, 79463, 1818
681, 0, 94, 659, 615, 165, 0.02%, 14, 0, 3, 85.50, 79904, 1818
686, 0, 94, 659, 615, 165, 0.02%, 14, 0, 3, 87.21, 80350, 1818
691, 0, 94, 659, 615, 165, 0.02%, 14, 0, 3, 86.05, 80792, 1818
696, 0, 94, 660, 616, 165, 0.02%, 14, 0, 3, 85.87, 81229, 1819
701, 0, 94, 660, 616, 165, 0.02%, 14, 0, 3, 87.06, 81674, 1819
706, 0, 94, 661, 617, 165, 0.02%, 14, 0, 3, 86.59, 82114, 1820
711, 0, 94, 661, 617, 165, 0.02%, 14, 0, 3, 87.14, 82561, 1820
716, 0, 94, 661, 617, 165, 0.02%, 14, 0, 3, 86.84, 83005, 1820
722, 0, 94, 661, 617, 165, 0.02%, 14, 0, 3, 84.34, 83435, 1820
727, 0, 94, 661, 617, 165, 0.02%, 14, 0, 3, 85.36, 83872, 1820
732, 0, 94, 661, 617, 165, 0.02%, 15, 0, 3, 85.36, 84309, 1820
737, 0, 94, 662, 618, 165, 0.02%, 15, 0, 3, 84.11, 84741, 1820
742, 0, 94, 662, 618, 165, 0.02%, 16, 0, 3, 85.39, 85183, 1820
747, 0, 94, 663, 619, 165, 0.02%, 16, 0, 3, 85.31, 85624, 1820
752, 0, 94, 663, 619, 165, 0.02%, 16, 0, 3, 86.29, 86067, 1820
758, 0, 94, 663, 619, 165, 0.02%, 16, 0, 3, 86.72, 86512, 1820
763, 0, 94, 663, 619, 165, 0.02%, 16, 0, 3, 85.76, 86951, 1820
768, 0, 94, 663, 619, 165, 0.02%, 16, 0, 3, 85.41, 87388, 1820
773, 0, 94, 663, 619, 165, 0.02%, 16, 0, 3, 87.81, 87840, 1820
778, 0, 94, 664, 620, 165, 0.02%, 16, 0, 3, 86.30, 88283, 1820
783, 0, 94, 664, 620, 165, 0.02%, 16, 0, 3, 85.51, 88722, 1820
788, 0, 94, 664, 620, 165, 0.02%, 16, 0, 3, 88.63, 89181, 1820
793, 0, 94, 664, 620, 165, 0.02%, 16, 0, 3, 86.71, 89626, 1820
798, 0, 94, 664, 620, 165, 0.02%, 16, 0, 3, 88.41, 90075, 1820
804, 0, 94, 664, 620, 165, 0.02%, 16, 0, 3, 87.51, 90519, 1820
809, 0, 94, 664, 620, 165, 0.02%, 16, 0, 3, 101.27, 91044, 1820
814, 0, 94, 667, 623, 165, 0.02%, 16, 0, 3, 93.64, 91522, 1822
819, 0, 219, 667, 622, 186, 0.02%, 16, 0, 3, 90.38, 91977, 1822
824, 0, 219, 667, 622, 186, 0.02%, 16, 0, 3, 93.47, 92454, 1822
829, 0, 208, 667, 621, 185, 0.02%, 16, 0, 3, 93.17, 92922, 1822
834, 0, 208, 667, 621, 185, 0.02%, 16, 0, 3, 90.99, 93392, 1822
840, 0, 208, 668, 622, 185, 0.02%, 16, 0, 3, 95.66, 93892, 1822
845, 0, 456, 669, 622, 184, 0.02%, 16, 0, 3, 104.92, 94419, 1823
850, 0, 456, 670, 623, 184, 0.02%, 16, 0, 3, 116.95, 95053, 1824
855, 0, 95, 671, 623, 184, 0.02%, 16, 0, 3, 90.91, 95498, 1824
860, 0, 95, 671, 623, 184, 0.02%, 16, 0, 3, 84.24, 95920, 1824
865, 0, 95, 671, 623, 184, 0.02%, 16, 0, 3, 84.29, 96353, 1824
870, 0, 95, 671, 623, 184, 0.02%, 16, 0, 3, 93.74, 96825, 1824
875, 0, 352, 672, 623, 183, 0.02%, 16, 0, 3, 115.62, 97448, 1824
880, 0, 352, 672, 623, 183, 0.02%, 16, 0, 3, 96.24, 97907, 1824
886, 0, 352, 672, 623, 183, 0.02%, 16, 0, 3, 95.96, 98391, 1824
891, 0, 73, 672, 622, 182, 0.02%, 16, 0, 3, 93.18, 98866, 1824
896, 0, 73, 672, 622, 182, 0.02%, 16, 0, 3, 87.99, 99309, 1824
901, 0, 73, 672, 622, 182, 0.02%, 16, 0, 3, 86.12, 99748, 1824
906, 0, 73, 672, 622, 182, 0.02%, 16, 0, 3, 81.21, 100159, 1824
911, 0, 73, 672, 622, 182, 0.02%, 16, 0, 3, 78.19, 100558, 1824
916, 0, 73, 674, 624, 182, 0.02%, 16, 0, 3, 83.02, 100983, 1824
921, 0, 73, 674, 624, 182, 0.02%, 16, 0, 3, 83.36, 101411, 1824
926, 0, 73, 677, 627, 182, 0.02%, 16, 0, 3, 88.64, 101864, 1827
932, 0, 73, 678, 628, 182, 0.02%, 17, 0, 3, 95.53, 102358, 1828
937, 0, 278, 679, 628, 185, 0.02%, 17, 0, 3, 90.15, 102817, 1828
942, 0, 278, 679, 628, 185, 0.02%, 17, 0, 3, 90.61, 103276, 1828
947, 0, 278, 682, 631, 185, 0.02%, 17, 0, 3, 93.38, 103748, 1828
952, 0, 278, 682, 631, 185, 0.02%, 17, 0, 3, 95.59, 104242, 1828
957, 0, 278, 683, 632, 185, 0.02%, 17, 0, 3, 95.73, 104738, 1828
962, 0, 278, 684, 633, 185, 0.02%, 17, 0, 3, 94.44, 105222, 1828
967, 0, 278, 685, 634, 185, 0.02%, 17, 0, 3, 95.45, 105709, 1829
973, 0, 278, 686, 635, 185, 0.02%, 17, 0, 3, 95.94, 106200, 1829
978, 0, 278, 686, 635, 185, 0.02%, 17, 0, 3, 97.81, 106696, 1829
983, 0, 278, 687, 636, 185, 0.02%, 17, 0, 3, 96.85, 107194, 1829
988, 0, 278, 687, 636, 185, 0.02%, 17, 0, 3, 96.75, 107689, 1829
993, 0, 278, 687, 636, 185, 0.02%, 17, 0, 3, 94.94, 108181, 1829
998, 0, 278, 687, 636, 185, 0.02%, 17, 0, 3, 95.02, 108671, 1829
1003, 0, 278, 688, 637, 185, 0.02%, 17, 0, 3, 96.03, 109159, 1830
1009, 0, 278, 689, 638, 185, 0.02%, 17, 0, 3, 95.97, 109657, 1830
1014, 0, 278, 689, 638, 185, 0.02%, 17, 0, 3, 96.59, 110152, 1830
1019, 0, 278, 689, 638, 185, 0.02%, 17, 0, 3, 96.48, 110646, 1830
1024, 0, 278, 689, 638, 185, 0.02%, 17, 0, 3, 94.74, 111127, 1830
1029, 0, 278, 690, 639, 185, 0.02%, 17, 0, 3, 93.56, 111606, 1830
1034, 0, 278, 690, 639, 185, 0.02%, 17, 0, 3, 94.73, 112092, 1830
1039, 0, 278, 692, 641, 185, 0.02%, 17, 0, 3, 93.26, 112575, 1832
1045, 0, 278, 693, 642, 185, 0.02%, 17, 0, 3, 94.60, 113066, 1832
1050, 0, 278, 693, 642, 185, 0.02%, 18, 0, 3, 97.05, 113564, 1832
1055, 0, 278, 694, 643, 185, 0.02%, 18, 0, 3, 97.85, 114071, 1832
1060, 0, 278, 694, 643, 185, 0.02%, 18, 0, 3, 99.22, 114580, 1832
1065, 0, 278, 694, 643, 185, 0.02%, 18, 0, 3, 98.91, 115088, 1832
1070, 0, 278, 696, 645, 185, 0.02%, 18, 0, 3, 97.41, 115595, 1833
1075, 0, 278, 696, 645, 185, 0.02%, 18, 0, 3, 96.22, 116088, 1833
1081, 0, 278, 696, 645, 185, 0.02%, 18, 0, 3, 95.73, 116578, 1833
1086, 0, 278, 696, 645, 185, 0.02%, 18, 0, 3, 93.46, 117052, 1833
1091, 0, 278, 696, 645, 185, 0.02%, 18, 0, 3, 94.15, 117535, 1833
1096, 0, 278, 697, 646, 185, 0.02%, 18, 0, 3, 94.70, 118013, 1833
1101, 0, 278, 698, 647, 185, 0.02%, 18, 0, 3, 93.12, 118488, 1833
1106, 0, 278, 698, 647, 185, 0.02%, 18, 0, 3, 94.62, 118972, 1833
1111, 0, 278, 698, 647, 185, 0.02%, 18, 0, 3, 94.39, 119457, 1833
1116, 0, 278, 698, 647, 185, 0.02%, 18, 0, 3, 94.09, 119939, 1833
1121, 0, 278, 698, 647, 185, 0.02%, 18, 0, 3, 93.51, 120416, 1833
1126, 0, 278, 698, 647, 185, 0.02%, 18, 0, 3, 95.24, 120904, 1833
1132, 0, 278, 698, 647, 185, 0.02%, 18, 0, 3, 94.16, 121385, 1833
1137, 0, 278, 699, 648, 185, 0.02%, 19, 0, 3, 94.19, 121874, 1833
1142, 0, 278, 699, 648, 185, 0.02%, 19, 0, 3, 93.10, 122348, 1833
1147, 0, 278, 700, 649, 185, 0.02%, 19, 0, 3, 92.78, 122827, 1833
1152, 0, 278, 700, 649, 185, 0.02%, 19, 0, 3, 94.29, 123314, 1833
1157, 0, 278, 700, 649, 185, 0.02%, 19, 0, 3, 92.90, 123789, 1833
1162, 0, 278, 701, 650, 185, 0.02%, 19, 0, 3, 92.74, 124250, 1833
1167, 0, 278, 701, 650, 185, 0.02%, 19, 0, 3, 91.88, 124720, 1833
1173, 0, 278, 701, 650, 185, 0.02%, 19, 0, 3, 91.80, 125186, 1833
1178, 0, 278, 701, 650, 185, 0.02%, 19, 0, 3, 95.03, 125672, 1833
1183, 0, 278, 702, 651, 185, 0.02%, 19, 0, 3, 94.35, 126163, 1833
1188, 0, 278, 702, 651, 185, 0.02%, 19, 0, 3, 97.33, 126663, 1833
1193, 0, 278, 702, 651, 185, 0.02%, 20, 0, 3, 96.87, 127154, 1833
1198, 0, 278, 702, 651, 185, 0.02%, 20, 0, 3, 95.81, 127645, 1833
1203, 0, 278, 702, 651, 185, 0.02%, 20, 0, 3, 94.74, 128130, 1833
1208, 0, 278, 702, 651, 185, 0.02%, 20, 0, 3, 98.01, 128630, 1833
1213, 0, 278, 702, 651, 185, 0.02%, 20, 0, 3, 98.18, 129133, 1833
1219, 0, 278, 703, 652, 185, 0.02%, 20, 0, 3, 96.46, 129629, 1833
1224, 0, 278, 703, 652, 185, 0.02%, 21, 0, 3, 99.19, 130137, 1833
1229, 0, 278, 703, 652, 185, 0.02%, 21, 0, 3, 102.52, 130652, 1833
1234, 0, 278, 703, 652, 185, 0.02%, 21, 0, 3, 102.69, 131166, 1833
1239, 0, 278, 703, 652, 185, 0.02%, 22, 0, 3, 98.18, 131657, 1833
1244, 0, 278, 703, 652, 185, 0.02%, 22, 0, 3, 102.60, 132186, 1833
1249, 0, 278, 703, 652, 185, 0.02%, 23, 0, 3, 103.61, 132700, 1833
1254, 0, 278, 704, 653, 185, 0.02%, 23, 0, 3, 104.76, 133223, 1833
1259, 0, 278, 704, 653, 185, 0.02%, 23, 0, 3, 104.67, 133763, 1833
1264, 0, 278, 704, 653, 185, 0.02%, 23, 0, 3, 105.50, 134291, 1833
1269, 0, 278, 704, 653, 185, 0.02%, 23, 0, 3, 100.43, 134801, 1833
1274, 0, 278, 704, 653, 185, 0.02%, 23, 0, 3, 100.15, 135305, 1833
1279, 0, 278, 704, 653, 185, 0.02%, 23, 0, 3, 100.61, 135819, 1833
1284, 0, 278, 704, 653, 185, 0.02%, 23, 0, 3, 104.13, 136337, 1833
1289, 0, 472, 704, 652, 188, 0.02%, 23, 0, 3, 99.42, 136856, 1833
1295, 0, 472, 704, 652, 188, 0.02%, 23, 0, 3, 93.45, 137330, 1833
1300, 0, 472, 704, 652, 188, 0.02%, 23, 0, 3, 99.13, 137838, 1833
1305, 0, 112, 705, 652, 188, 0.02%, 23, 0, 3, 102.64, 138358, 1835
1310, 0, 112, 705, 652, 188, 0.02%, 23, 0, 3, 112.71, 138951, 1835
1315, 0, 528, 705, 651, 187, 0.02%, 23, 0, 3, 116.24, 139539, 1835
1320, 0, 528, 709, 655, 187, 0.02%, 23, 0, 4, 120.87, 140159, 1838
1325, 0, 528, 710, 656, 187, 0.02%, 23, 0, 4, 121.50, 140770, 1839
1330, 0, 528, 711, 657, 187, 0.02%, 23, 0, 4, 126.05, 141411, 1840
1335, 0, 528, 712, 658, 187, 0.02%, 23, 0, 4, 125.29, 142060, 1840
1341, 0, 528, 712, 658, 187, 0.02%, 23, 0, 4, 128.17, 142730, 1840
1346, 0, 528, 712, 658, 187, 0.02%, 23, 0, 4, 128.58, 143390, 1840
1351, 0, 528, 712, 658, 187, 0.02%, 23, 0, 4, 127.92, 144056, 1840
1356, 0, 528, 712, 658, 187, 0.02%, 23, 0, 4, 126.71, 144716, 1840
1361, 0, 528, 712, 658, 187, 0.02%, 23, 0, 4, 125.28, 145364, 1840
1366, 0, 528, 712, 658, 187, 0.02%, 23, 0, 4, 117.77, 145956, 1840
1371, 0, 528, 712, 658, 187, 0.02%, 23, 0, 4, 120.68, 146556, 1840
1376, 0, 528, 712, 658, 187, 0.02%, 23, 0, 4, 113.46, 147134, 1840
1382, 0, 528, 713, 659, 187, 0.02%, 23, 0, 4, 118.17, 147755, 1841
1387, 0, 528, 713, 659, 187, 0.02%, 23, 0, 4, 120.85, 148381, 1841
1392, 0, 528, 715, 661, 187, 0.02%, 23, 0, 4, 120.93, 148989, 1841
1397, 0, 528, 715, 661, 187, 0.02%, 23, 0, 4, 120.81, 149617, 1841
1402, 0, 528, 716, 662, 187, 0.02%, 23, 0, 4, 121.04, 150244, 1841
1407, 0, 528, 716, 662, 187, 0.02%, 23, 0, 4, 127.81, 150894, 1841
1413, 0, 528, 716, 662, 187, 0.02%, 23, 0, 4, 135.02, 151602, 1841
1418, 0, 528, 716, 662, 187, 0.02%, 23, 0, 4, 127.58, 152260, 1841
1423, 0, 528, 716, 662, 187, 0.02%, 23, 0, 4, 141.57, 152996, 1841
1428, 0, 528, 716, 662, 187, 0.02%, 23, 0, 4, 154.96, 153803, 1841
1430, 0, 528, 716, 662, 187, 0.02%, 23, 0, 4, 156.55, 154030, 1841
