# relative_time, cycles_done, cur_item, corpus_count, pending_total, pending_favs, map_size, saved_crashes, saved_hangs, max_depth, execs_per_sec, total_execs, edges_found
61, 0, 97, 335, 298, 32, 0.02%, 1, 0, 2, 115.56, 7130, 1585
66, 0, 97, 342, 305, 32, 0.02%, 1, 0, 2, 110.72, 7693, 1601
71, 0, 97, 350, 313, 32, 0.02%, 1, 0, 2, 114.72, 8279, 1602
76, 0, 97, 354, 317, 32, 0.02%, 1, 0, 2, 97.47, 8780, 1615
82, 0, 97, 356, 319, 32, 0.02%, 1, 0, 2, 107.20, 9351, 1618
87, 0, 97, 360, 323, 32, 0.02%, 1, 0, 2, 106.77, 9889, 1621
92, 0, 97, 361, 324, 32, 0.02%, 1, 0, 2, 103.99, 10406, 1621
97, 0, 97, 367, 330, 32, 0.02%, 1, 0, 2, 100.06, 10911, 1623
102, 0, 97, 370, 333, 32, 0.02%, 1, 0, 2, 108.46, 11465, 1623
107, 0, 97, 373, 336, 32, 0.02%, 1, 0, 2, 110.14, 12034, 1623
112, 0, 97, 376, 339, 32, 0.02%, 1, 0, 2, 107.60, 12581, 1624
117, 0, 97, 379, 342, 32, 0.02%, 1, 0, 2, 99.16, 13094, 1625
123, 0, 97, 381, 344, 32, 0.02%, 1, 0, 2, 90.67, 13555, 1626
128, 0, 97, 384, 347, 32, 0.02%, 1, 0, 2, 97.13, 14063, 1626
133, 0, 97, 385, 348, 32, 0.02%, 1, 0, 2, 90.81, 14536, 1626
138, 0, 97, 389, 352, 32, 0.02%, 1, 0, 2, 104.08, 15078, 1627
143, 0, 97, 391, 354, 32, 0.02%, 1, 0, 2, 106.52, 15624, 1629
148, 0, 97, 395, 358, 32, 0.02%, 1, 0, 2, 105.71, 16158, 1630
153, 0, 97, 397, 360, 32, 0.02%, 1, 0, 2, 100.22, 16670, 1630
158, 0, 97, 398, 361, 32, 0.02%, 1, 0, 2, 91.43, 17133, 1630
163, 0, 97, 398, 361, 32, 0.02%, 1, 0, 2, 95.37, 17633, 1630
169, 0, 97, 405, 368, 32, 0.02%, 1, 0, 2, 91.95, 18099, 1633
174, 0, 97, 407, 370, 32, 0.02%, 1, 0, 2, 90.03, 18562, 1633
179, 0, 97, 409, 372, 32, 0.02%, 1, 0, 2, 95.62, 19046, 1635
184, 0, 97, 409, 372, 32, 0.02%, 1, 0, 2, 100.59, 19570, 1635
189, 0, 97, 410, 373, 32, 0.02%, 1, 0, 2, 99.65, 20077, 1636
194, 0, 97, 410, 373, 32, 0.02%, 1, 0, 2, 98.54, 20583, 1636
199, 0, 97, 411, 374, 32, 0.02%, 1, 0, 2, 102.69, 21120, 1636
204, 0, 97, 413, 376, 32, 0.02%, 1, 0, 2, 101.21, 21630, 1642
209, 0, 97, 415, 378, 32, 0.02%, 1, 0, 2, 100.21, 22138, 1643
214, 0, 97, 417, 380, 32, 0.02%, 1, 0, 2, 100.57, 22640, 1646
219, 0, 97, 417, 380, 32, 0.02%, 1, 0, 2, 99.35, 23145, 1646
225, 0, 97, 417, 380, 32, 0.02%, 1, 0, 2, 98.45, 23645, 1646
230, 0, 97, 419, 382, 32, 0.02%, 1, 0, 2, 97.12, 24138, 1646
235, 0, 97, 419, 382, 32, 0.02%, 1, 0, 2, 96.67, 24633, 1646
240, 0, 97, 420, 383, 32, 0.02%, 1, 0, 2, 103.20, 25014, 1646
245, 0, 97, 422, 385, 32, 0.02%, 1, 0, 2, 97.10, 25493, 1648
250, 0, 97, 423, 386, 32, 0.02%, 1, 0, 2, 103.25, 26031, 1648
255, 0, 97, 425, 388, 32, 0.02%, 1, 0, 2, 99.96, 26543, 1650
260, 0, 97, 426, 389, 32, 0.02%, 1, 0, 2, 95.64, 27040, 1655
266, 0, 97, 427, 390, 32, 0.02%, 1, 0, 2, 100.35, 27553, 1655
271, 0, 97, 427, 390, 32, 0.02%, 1, 0, 2, 99.46, 28052, 1655
276, 0, 97, 430, 393, 32, 0.02%, 1, 0, 2, 100.22, 28563, 1657
281, 0, 97, 431, 394, 32, 0.02%, 1, 0, 2, 97.33, 29046, 1657
286, 0, 97, 434, 396, 31, 0.02%, 1, 0, 2, 95.69, 29507, 1657
291, 0, 97, 464, 426, 31, 0.02%, 1, 0, 2, 77.54, 29848, 1674
296, 0, 97, 503, 465, 31, 0.02%, 1, 0, 2, 67.84, 30169, 1711
301, 0, 97, 544, 506, 31, 0.02%, 1, 0, 2, 65.84, 30498, 1769
306, 0, 97, 587, 549, 31, 0.02%, 1, 0, 2, 68.31, 30845, 1799
311, 0, 100, 598, 560, 169, 0.02%, 1, 0, 2, 79.37, 31237, 1802
316, 0, 100, 598, 560, 169, 0.02%, 1, 0, 2, 82.80, 31675, 1802
321, 0, 100, 598, 560, 169, 0.02%, 1, 0, 2, 84.36, 32112, 1802
326, 0, 100, 598, 560, 169, 0.02%, 1, 0, 2, 80.62, 32519, 1802
332, 0, 100, 612, 574, 169, 0.02%, 1, 0, 2, 81.09, 32921, 1806
337, 0, 100, 613, 575, 169, 0.02%, 1, 0, 2, 84.63, 33351, 1806
342, 0, 100, 614, 576, 169, 0.02%, 1, 0, 2, 88.02, 33804, 1807
347, 0, 100, 614, 576, 169, 0.02%, 1, 0, 2, 88.60, 34257, 1807
352, 0, 100, 614, 576, 169, 0.02%, 1, 0, 2, 88.61, 34713, 1807
357, 0, 100, 614, 576, 169, 0.02%, 1, 0, 2, 89.56, 35171, 1807
362, 0, 100, 615, 577, 169, 0.02%, 1, 0, 2, 87.95, 35625, 1807
367, 0, 100, 615, 577, 169, 0.02%, 1, 0, 2, 88.66, 36079, 1807
372, 0, 100, 615, 577, 169, 0.02%, 1, 0, 2, 88.41, 36533, 1807
378, 0, 100, 616, 578, 169, 0.02%, 1, 0, 2, 87.90, 36987, 1808
383, 0, 100, 617, 579, 169, 0.02%, 1, 0, 2, 87.25, 37430, 1808
388, 0, 100, 617, 579, 169, 0.02%, 1, 0, 2, 87.15, 37880, 1808
393, 0, 100, 617, 579, 169, 0.02%, 1, 0, 2, 86.23, 38326, 1808
398, 0, 100, 619, 581, 169, 0.02%, 1, 0, 2, 86.78, 38776, 1809
403, 0, 100, 619, 581, 169, 0.02%, 1, 0, 2, 86.68, 39220, 1809
408, 0, 100, 619, 581, 169, 0.02%, 1, 0, 2, 87.10, 39665, 1809
414, 0, 100, 619, 581, 169, 0.02%, 1, 0, 2, 85.83, 40105, 1809
419, 0, 100, 619, 581, 169, 0.02%, 1, 0, 2, 86.64, 40548, 1809
424, 0, 100, 619, 581, 169, 0.02%, 1, 0, 2, 86.26, 40987, 1809
429, 0, 100, 619, 581, 169, 0.02%, 1, 0, 2, 86.39, 41431, 1809
434, 0, 100, 619, 581, 169, 0.02%, 1, 0, 2, 87.08, 41874, 1809
439, 0, 100, 619, 581, 169, 0.02%, 1, 0, 2, 86.39, 42314, 1809
444, 0, 100, 619, 581, 169, 0.02%, 1, 0, 2, 87.03, 42763, 1809
449, 0, 100, 619, 581, 169, 0.02%, 1, 0, 2, 85.80, 43205, 1809
455, 0, 100, 619, 581, 169, 0.02%, 1, 0, 2, 86.32, 43650, 1809
460, 0, 100, 619, 581, 169, 0.02%, 1, 0, 2, 85.46, 44085, 1809
465, 0, 100, 620, 582, 169, 0.02%, 1, 0, 2, 84.94, 44516, 1809
470, 0, 100, 621, 583, 169, 0.02%, 1, 0, 2, 86.55, 44951, 1809
475, 0, 100, 621, 583, 169, 0.02%, 1, 0, 2, 86.12, 45391, 1809
480, 0, 100, 621, 583, 169, 0.02%, 1, 0, 2, 85.99, 45833, 1809
485, 0, 100, 621, 583, 169, 0.02%, 2, 0, 2, 84.92, 46269, 1809
490, 0, 100, 621, 583, 169, 0.02%, 3, 0, 2, 83.37, 46703, 1809
496, 0, 100, 621, 583, 169, 0.02%, 3, 0, 2, 85.93, 47149, 1809
501, 0, 100, 621, 583, 169, 0.02%, 3, 0, 2, 87.92, 47599, 1809
506, 0, 100, 621, 583, 169, 0.02%, 3, 0, 2, 86.95, 48043, 1809
511, 0, 100, 621, 583, 169, 0.02%, 5, 0, 2, 85.87, 48484, 1809
516, 0, 100, 621, 583, 169, 0.02%, 5, 0, 2, 87.29, 48934, 1809
521, 0, 100, 621, 583, 169, 0.02%, 5, 0, 2, 87.14, 49378, 1809
526, 0, 100, 622, 584, 169, 0.02%, 5, 0, 2, 86.48, 49823, 1810
531, 0, 100, 622, 584, 169, 0.02%, 5, 0, 2, 86.13, 50263, 1810
536, 0, 100, 622, 584, 169, 0.02%, 6, 0, 2, 85.75, 50704, 1810
542, 0, 100, 622, 584, 169, 0.02%, 7, 0, 2, 85.05, 51142, 1810
547, 0, 100, 622, 584, 169, 0.02%, 7, 0, 2, 85.82, 51587, 1810
552, 0, 100, 622, 584, 169, 0.02%, 7, 0, 2, 84.59, 52020, 1810
557, 0, 100, 622, 584, 169, 0.02%, 7, 0, 2, 85.01, 52457, 1810
562, 0, 100, 622, 584, 169, 0.02%, 7, 0, 2, 85.93, 52897, 1810
567, 0, 100, 622, 584, 169, 0.02%, 7, 0, 2, 86.12, 53336, 1810
572, 0, 100, 622, 584, 169, 0.02%, 7, 0, 2, 85.98, 53777, 1810
577, 0, 100, 624, 586, 169, 0.02%, 7, 0, 2, 85.18, 54200, 1810
583, 0, 100, 624, 586, 169, 0.02%, 7, 0, 2, 86.53, 54647, 1810
588, 0, 100, 624, 586, 169, 0.02%, 7, 0, 2, 87.41, 55095, 1810
593, 0, 100, 624, 586, 169, 0.02%, 7, 0, 2, 86.66, 55537, 1810
598, 0, 100, 624, 586, 169, 0.02%, 7, 0, 2, 87.86, 55986, 1810
603, 0, 100, 624, 586, 169, 0.02%, 7, 0, 2, 86.61, 56434, 1810
608, 0, 100, 624, 586, 169, 0.02%, 7, 0, 2, 85.26, 56871, 1810
613, 0, 100, 624, 586, 169, 0.02%, 7, 0, 2, 86.94, 57320, 1810
618, 0, 100, 624, 586, 169, 0.02%, 7, 0, 2, 109.96, 57910, 1810
624, 0, 319, 624, 585, 175, 0.02%, 7, 0, 2, 96.33, 58383, 1810
629, 0, 319, 625, 586, 175, 0.02%, 7, 0, 3, 95.79, 58850, 1810
634, 0, 319, 625, 586, 175, 0.02%, 7, 0, 3, 95.46, 59339, 1810
639, 0, 299, 625, 585, 173, 0.02%, 7, 0, 3, 90.85, 59813, 1810
644, 0, 299, 625, 585, 173, 0.02%, 7, 0, 3, 91.20, 60277, 1810
649, 0, 299, 625, 585, 173, 0.02%, 7, 0, 3, 95.68, 60777, 1810
654, 0, 74, 625, 584, 172, 0.02%, 7, 0, 3, 86.19, 61216, 1810
659, 0, 74, 625, 584, 172, 0.02%, 7, 0, 3, 83.38, 61643, 1810
665, 0, 74, 625, 584, 172, 0.02%, 7, 0, 3, 83.91, 62080, 1810
670, 0, 74, 625, 584, 172, 0.02%, 7, 0, 3, 82.28, 62499, 1810
675, 0, 74, 634, 593, 172, 0.02%, 7, 0, 3, 74.79, 62886, 1812
680, 0, 74, 641, 600, 172, 0.02%, 7, 0, 3, 77.41, 63282, 1815
685, 0, 74, 647, 606, 172, 0.02%, 7, 0, 3, 80.68, 63698, 1815
690, 0, 74, 648, 607, 172, 0.02%, 8, 0, 3, 83.12, 64132, 1816
695, 0, 74, 651, 610, 172, 0.02%, 8, 0, 3, 84.02, 64565, 1817
701, 0, 74, 651, 610, 172, 0.02%, 8, 0, 3, 85.10, 64999, 1817
706, 0, 74, 652, 611, 172, 0.02%, 8, 0, 3, 85.28, 65438, 1817
711, 0, 74, 654, 613, 172, 0.02%, 8, 0, 3, 84.97, 65876, 1817
716, 0, 74, 656, 615, 172, 0.02%, 8, 0, 3, 85.06, 66317, 1818
721, 0, 74, 656, 615, 172, 0.02%, 8, 0, 3, 83.83, 66749, 1818
726, 0, 74, 657, 616, 172, 0.02%, 8, 0, 3, 83.38, 67168, 1818
731, 0, 74, 657, 616, 172, 0.02%, 8, 0, 3, 82.71, 67593, 1818
736, 0, 74, 657, 616, 172, 0.02%, 8, 0, 3, 82.58, 68014, 1818
742, 0, 74, 658, 617, 172, 0.02%, 8, 0, 3, 83.14, 68438, 1819
747, 0, 74, 659, 618, 172, 0.02%, 8, 0, 3, 82.68, 68863, 1821
752, 0, 74, 659, 618, 172, 0.02%, 8, 0, 3, 83.00, 69288, 1821
757, 0, 74, 660, 619, 172, 0.02%, 9, 0, 3, 82.62, 69711, 1821
762, 0, 74, 660, 619, 172, 0.02%, 9, 0, 3, 83.19, 70139, 1821
767, 0, 74, 660, 619, 172, 0.02%, 9, 0, 3, 82.97, 70567, 1821
772, 0, 74, 660, 619, 172, 0.02%, 9, 0, 3, 83.08, 70993, 1821
778, 0, 74, 660, 619, 172, 0.02%, 9, 0, 3, 82.78, 71420, 1821
783, 0, 74, 660, 619, 172, 0.02%, 9, 0, 3, 82.75, 71846, 1821
788, 0, 74, 661, 620, 172, 0.02%, 9, 0, 3, 83.01, 72271, 1822
793, 0, 74, 661, 620, 172, 0.02%, 9, 0, 3, 82.01, 72693, 1822
798, 0, 74, 664, 623, 172, 0.02%, 9, 0, 3, 81.27, 73113, 1825
803, 0, 74, 664, 623, 172, 0.02%, 9, 0, 3, 82.16, 73536, 1825
808, 0, 74, 665, 624, 172, 0.02%, 9, 0, 3, 82.81, 73967, 1825
814, 0, 74, 665, 624, 172, 0.02%, 9, 0, 3, 82.08, 74391, 1825
819, 0, 74, 667, 626, 172, 0.02%, 9, 0, 3, 81.91, 74801, 1825
824, 0, 74, 667, 626, 172, 0.02%, 9, 0, 3, 82.35, 75220, 1825
829, 0, 74, 667, 626, 172, 0.02%, 9, 0, 3, 83.24, 75649, 1825
834, 0, 74, 667, 626, 172, 0.02%, 9, 0, 3, 83.35, 76077, 1825
839, 0, 74, 668, 627, 172, 0.02%, 9, 0, 3, 82.57, 76499, 1825
844, 0, 74, 669, 628, 172, 0.02%, 9, 0, 3, 83.21, 76930, 1825
850, 0, 74, 669, 628, 172, 0.02%, 9, 0, 3, 82.84, 77353, 1825
855, 0, 74, 670, 629, 172, 0.02%, 9, 0, 3, 81.44, 77776, 1825
860, 0, 74, 671, 630, 172, 0.02%, 9, 0, 3, 81.62, 78199, 1825
865, 0, 74, 671, 630, 172, 0.02%, 9, 0, 3, 81.73, 78623, 1825
870, 0, 74, 671, 630, 172, 0.02%, 9, 0, 3, 82.75, 79048, 1825
875, 0, 74, 672, 631, 172, 0.02%, 9, 0, 3, 82.56, 79470, 1825
880, 0, 74, 672, 631, 172, 0.02%, 9, 0, 3, 84.39, 79905, 1825
886, 0, 74, 673, 632, 172, 0.02%, 9, 0, 3, 85.31, 80342, 1825
891, 0, 74, 673, 632, 172, 0.02%, 9, 0, 3, 84.62, 80773, 1825
896, 0, 74, 673, 632, 172, 0.02%, 9, 0, 3, 83.87, 81198, 1825
901, 0, 74, 673, 632, 172, 0.02%, 9, 0, 3, 88.36, 81654, 1825
906, 0, 334, 673, 631, 181, 0.02%, 9, 0, 3, 89.44, 82118, 1825
911, 0, 334, 673, 631, 181, 0.02%, 9, 0, 3, 91.31, 82583, 1825
916, 0, 334, 675, 633, 181, 0.02%, 9, 0, 3, 94.37, 83081, 1827
922, 0, 334, 680, 638, 181, 0.02%, 9, 0, 3, 93.12, 83552, 1827
927, 0, 334, 681, 639, 181, 0.02%, 9, 0, 3, 94.83, 84028, 1827
932, 0, 334, 681, 639, 181, 0.02%, 9, 0, 3, 96.89, 84527, 1827
937, 0, 334, 681, 639, 181, 0.02%, 9, 0, 3, 95.79, 85019, 1827
942, 0, 334, 681, 639, 181, 0.02%, 9, 0, 3, 96.66, 85515, 1827
947, 0, 334, 682, 640, 181, 0.02%, 9, 0, 3, 94.64, 86000, 1827
952, 0, 334, 682, 640, 181, 0.02%, 9, 0, 3, 96.32, 86494, 1827
957, 0, 334, 682, 640, 181, 0.02%, 9, 0, 3, 96.24, 86984, 1827
963, 0, 310, 683, 640, 181, 0.02%, 9, 0, 3, 90.71, 87452, 1827
968, 0, 310, 683, 640, 181, 0.02%, 9, 0, 3, 88.27, 87907, 1827
973, 0, 310, 683, 640, 181, 0.02%, 9, 0, 3, 93.66, 88394, 1827
978, 0, 111, 684, 640, 180, 0.02%, 9, 0, 3, 106.10, 88931, 1827
983, 0, 60, 684, 639, 179, 0.02%, 9, 0, 3, 113.85, 89534, 1827
988, 0, 60, 684, 639, 179, 0.02%, 9, 0, 3, 89.40, 89946, 1827
993, 0, 60, 684, 639, 179, 0.02%, 9, 0, 3, 84.44, 90370, 1827
998, 0, 60, 684, 639, 179, 0.02%, 9, 0, 3, 84.73, 90806, 1827
1004, 0, 60, 698, 653, 179, 0.02%, 9, 0, 3, 80.37, 91218, 1827
1009, 0, 60, 708, 663, 179, 0.02%, 9, 0, 3, 81.06, 91632, 1827
1014, 0, 60, 713, 668, 179, 0.02%, 9, 0, 3, 82.41, 92057, 1827
1019, 0, 60, 716, 671, 179, 0.02%, 10, 0, 3, 84.07, 92477, 1827
1024, 0, 60, 720, 675, 179, 0.02%, 10, 0, 3, 83.63, 92899, 1827
1029, 0, 60, 721, 676, 179, 0.02%, 11, 0, 3, 85.65, 93327, 1828
1034, 0, 60, 722, 677, 179, 0.02%, 11, 0, 3, 87.38, 93769, 1828
1039, 0, 60, 723, 678, 179, 0.02%, 11, 0, 3, 86.55, 94208, 1828
1044, 0, 60, 724, 679, 179, 0.02%, 11, 0, 3, 87.28, 94655, 1828
1049, 0, 60, 725, 680, 179, 0.02%, 11, 0, 3, 87.82, 95107, 1828
1054, 0, 60, 726, 681, 179, 0.02%, 11, 0, 3, 88.71, 95551, 1828
1060, 0, 60, 726, 681, 179, 0.02%, 11, 0, 3, 88.74, 96007, 1828
1065, 0, 60, 726, 681, 179, 0.02%, 11, 0, 3, 88.21, 96459, 1828
1070, 0, 60, 727, 682, 179, 0.02%, 11, 0, 3, 88.10, 96917, 1828
1075, 0, 60, 727, 682, 179, 0.02%, 11, 0, 3, 89.18, 97378, 1828
1080, 0, 60, 728, 683, 179, 0.02%, 11, 0, 3, 89.48, 97840, 1828
1085, 0, 60, 730, 685, 179, 0.02%, 11, 0, 3, 88.39, 98296, 1828
1090, 0, 60, 731, 686, 179, 0.02%, 11, 0, 3, 86.78, 98745, 1828
1096, 0, 60, 731, 686, 179, 0.02%, 12, 0, 3, 88.19, 99197, 1828
1101, 0, 60, 732, 687, 179, 0.02%, 12, 0, 3, 87.26, 99653, 1828
1106, 0, 60, 733, 688, 179, 0.02%, 12, 0, 3, 89.23, 100107, 1828
1111, 0, 60, 735, 690, 179, 0.02%, 12, 0, 3, 89.83, 100565, 1828
1116, 0, 60, 735, 690, 179, 0.02%, 13, 0, 3, 88.99, 101022, 1828
1121, 0, 60, 736, 691, 179, 0.02%, 13, 0, 3, 89.21, 101481, 1829
1126, 0, 60, 736, 691, 179, 0.02%, 13, 0, 3, 85.89, 101921, 1829
1132, 0, 60, 737, 692, 179, 0.02%, 13, 0, 3, 83.63, 102351, 1832
1137, 0, 60, 738, 693, 179, 0.02%, 13, 0, 3, 84.08, 102781, 1832
1142, 0, 60, 738, 693, 179, 0.02%, 13, 0, 3, 85.27, 103218, 1832
1147, 0, 60, 738, 693, 179, 0.02%, 13, 0, 3, 84.37, 103648, 1832
1152, 0, 60, 738, 693, 179, 0.02%, 13, 0, 3, 83.59, 104079, 1832
1157, 0, 60, 738, 693, 179, 0.02%, 13, 0, 3, 84.22, 104512, 1832
1162, 0, 60, 738, 693, 179, 0.02%, 13, 0, 3, 85.35, 104949, 1832
1167, 0, 60, 738, 693, 179, 0.02%, 13, 0, 3, 84.20, 105381, 1832
1173, 0, 60, 739, 694, 179, 0.02%, 13, 0, 3, 85.74, 105823, 1832
1178, 0, 60, 741, 696, 179, 0.02%, 13, 0, 3, 84.95, 106248, 1833
1183, 0, 60, 742, 697, 179, 0.02%, 13, 0, 3, 84.56, 106682, 1833
1188, 0, 60, 742, 697, 179, 0.02%, 13, 0, 3, 84.19, 107117, 1833
1193, 0, 60, 742, 697, 179, 0.02%, 13, 0, 3, 79.23, 107517, 1833
1198, 0, 60, 742, 697, 179, 0.02%, 13, 0, 3, 81.37, 107940, 1833
1203, 0, 60, 742, 697, 179, 0.02%, 13, 0, 3, 78.39, 108328, 1833
1208, 0, 60, 742, 697, 179, 0.02%, 13, 0, 3, 82.10, 108751, 1833
1214, 0, 60, 742, 697, 179, 0.02%, 13, 0, 3, 82.46, 109172, 1833
1219, 0, 60, 742, 697, 179, 0.02%, 13, 0, 3, 81.81, 109590, 1833
1224, 0, 60, 742, 697, 179, 0.02%, 13, 0, 3, 83.52, 110017, 1833
1229, 0, 60, 743, 698, 179, 0.02%, 13, 0, 3, 81.52, 110433, 1833
1234, 0, 60, 743, 698, 179, 0.02%, 13, 0, 3, 86.21, 110882, 1833
1239, 0, 60, 743, 698, 179, 0.02%, 13, 0, 3, 85.71, 111327, 1833
1244, 0, 60, 743, 698, 179, 0.02%, 13, 0, 3, 87.82, 111773, 1833
1249, 0, 60, 744, 699, 179, 0.02%, 13, 0, 3, 92.81, 112246, 1833
1255, 0, 60, 747, 702, 179, 0.02%, 13, 0, 3, 124.59, 112906, 1834
1260, 0, 60, 747, 702, 179, 0.02%, 13, 0, 3, 156.77, 113727, 1834
1265, 0, 60, 747, 702, 179, 0.02%, 13, 0, 3, 188.83, 114672, 1834
