# relative_time, cycles_done, cur_item, corpus_count, pending_total, pending_favs, map_size, saved_crashes, saved_hangs, max_depth, execs_per_sec, total_execs, edges_found
61, 0, 97, 385, 348, 28, 0.02%, 2, 0, 2, 224.14, 15220, 1625
66, 0, 97, 390, 353, 28, 0.02%, 2, 0, 2, 208.84, 16267, 1630
71, 0, 97, 394, 357, 28, 0.02%, 2, 0, 2, 206.01, 17351, 1630
76, 0, 97, 400, 363, 28, 0.02%, 2, 0, 2, 193.52, 18320, 1631
81, 0, 97, 402, 365, 28, 0.02%, 2, 0, 2, 183.29, 19266, 1631
86, 0, 97, 404, 367, 28, 0.02%, 2, 0, 2, 178.54, 20157, 1632
91, 0, 97, 406, 369, 28, 0.02%, 2, 0, 2, 189.23, 21146, 1641
96, 0, 97, 410, 373, 28, 0.02%, 2, 0, 2, 194.65, 22131, 1645
101, 0, 97, 415, 378, 28, 0.02%, 2, 0, 2, 183.02, 23045, 1646
106, 0, 97, 415, 378, 28, 0.02%, 2, 0, 2, 184.78, 23978, 1646
112, 0, 97, 417, 380, 28, 0.02%, 2, 0, 2, 179.62, 24898, 1648
117, 0, 97, 419, 382, 28, 0.02%, 2, 0, 2, 181.61, 25824, 1648
122, 0, 97, 420, 383, 28, 0.02%, 2, 0, 2, 171.31, 26686, 1648
127, 0, 97, 423, 386, 28, 0.02%, 2, 0, 2, 182.87, 27601, 1649
132, 0, 97, 425, 388, 28, 0.02%, 2, 0, 2, 189.09, 28545, 1650
137, 0, 97, 444, 406, 27, 0.02%, 2, 0, 2, 172.65, 29431, 1657
142, 0, 97, 528, 490, 27, 0.02%, 2, 0, 2, 142.12, 30127, 1751
147, 0, 204, 542, 504, 158, 0.02%, 2, 0, 2, 165.58, 31026, 1773
152, 0, 102, 547, 508, 161, 0.02%, 2, 0, 3, 201.12, 32158, 1777
157, 0, 102, 547, 508, 161, 0.02%, 2, 0, 3, 170.57, 32960, 1777
162, 0, 102, 562, 523, 161, 0.02%, 2, 0, 3, 166.57, 33796, 1778
168, 0, 102, 568, 529, 161, 0.02%, 2, 0, 3, 176.73, 34717, 1783
173, 0, 102, 572, 533, 161, 0.02%, 2, 0, 3, 164.69, 35552, 1785
178, 0, 102, 574, 535, 161, 0.02%, 2, 0, 3, 154.56, 36316, 1786
183, 0, 102, 578, 539, 161, 0.02%, 3, 0, 3, 149.16, 37067, 1787
188, 0, 102, 578, 539, 161, 0.02%, 3, 0, 3, 123.30, 37707, 1787
193, 0, 102, 580, 541, 161, 0.02%, 3, 0, 3, 117.45, 38285, 1788
198, 0, 102, 581, 542, 161, 0.02%, 3, 0, 3, 112.52, 38848, 1788
203, 0, 102, 582, 543, 161, 0.02%, 3, 0, 3, 104.68, 39361, 1789
208, 0, 102, 584, 545, 161, 0.02%, 3, 0, 3, 102.42, 39875, 1790
213, 0, 102, 585, 546, 161, 0.02%, 3, 0, 3, 100.67, 40382, 1790
218, 0, 102, 585, 546, 161, 0.02%, 3, 0, 3, 102.90, 40904, 1790
223, 0, 102, 586, 547, 161, 0.02%, 3, 0, 3, 106.04, 41435, 1791
228, 0, 102, 586, 547, 161, 0.02%, 3, 0, 3, 109.16, 41987, 1791
233, 0, 102, 587, 548, 161, 0.02%, 3, 0, 3, 109.43, 42540, 1792
238, 0, 102, 588, 549, 161, 0.02%, 3, 0, 3, 112.15, 43121, 1793
243, 0, 102, 589, 550, 161, 0.02%, 3, 0, 3, 108.95, 43670, 1794
248, 0, 102, 592, 553, 161, 0.02%, 3, 0, 3, 109.42, 44217, 1794
254, 0, 102, 592, 553, 161, 0.02%, 3, 0, 3, 110.41, 44795, 1794
259, 0, 102, 592, 553, 161, 0.02%, 3, 0, 3, 105.22, 45339, 1794
264, 0, 102, 593, 554, 161, 0.02%, 3, 0, 3, 104.69, 45862, 1795
269, 0, 102, 595, 556, 161, 0.02%, 3, 0, 3, 100.84, 46372, 1796
274, 0, 102, 596, 557, 161, 0.02%, 3, 0, 3, 96.28, 46844, 1796
279, 0, 102, 597, 558, 161, 0.02%, 4, 0, 3, 97.94, 47341, 1797
284, 0, 102, 597, 558, 161, 0.02%, 4, 0, 3, 96.00, 47830, 1797
289, 0, 102, 597, 558, 161, 0.02%, 4, 0, 3, 94.90, 48311, 1797
294, 0, 102, 597, 558, 161, 0.02%, 4, 0, 3, 99.00, 48812, 1797
300, 0, 102, 598, 559, 161, 0.02%, 4, 0, 3, 102.87, 49349, 1797
305, 0, 102, 598, 559, 161, 0.02%, 4, 0, 3, 99.39, 49857, 1797
310, 0, 102, 599, 560, 161, 0.02%, 4, 0, 3, 94.78, 50339, 1798
315, 0, 102, 600, 561, 161, 0.02%, 4, 0, 3, 86.76, 50773, 1798
320, 0, 102, 601, 562, 161, 0.02%, 4, 0, 3, 87.38, 51214, 1799
325, 0, 102, 602, 563, 161, 0.02%, 4, 0, 3, 89.77, 51673, 1800
330, 0, 102, 602, 563, 161, 0.02%, 4, 0, 3, 96.61, 52163, 1800
335, 0, 102, 604, 565, 161, 0.02%, 4, 0, 3, 97.15, 52650, 1802
340, 0, 102, 605, 566, 161, 0.02%, 4, 0, 3, 99.60, 53150, 1802
345, 0, 102, 605, 566, 161, 0.02%, 4, 0, 3, 96.63, 53644, 1802
350, 0, 102, 606, 567, 161, 0.02%, 4, 0, 3, 87.61, 54085, 1802
356, 0, 102, 606, 567, 161, 0.02%, 4, 0, 3, 86.66, 54516, 1802
361, 0, 102, 607, 568, 161, 0.02%, 4, 0, 3, 84.69, 54953, 1803
366, 0, 102, 607, 568, 161, 0.02%, 4, 0, 3, 81.92, 55374, 1803
371, 0, 102, 607, 568, 161, 0.02%, 4, 0, 3, 86.62, 55826, 1803
376, 0, 102, 609, 570, 161, 0.02%, 4, 0, 3, 90.18, 56300, 1804
381, 0, 102, 609, 570, 161, 0.02%, 4, 0, 3, 93.04, 56781, 1804
386, 0, 102, 610, 571, 161, 0.02%, 4, 0, 3, 92.07, 57237, 1804
391, 0, 102, 611, 572, 161, 0.02%, 4, 0, 3, 93.41, 57702, 1806
396, 0, 102, 611, 572, 161, 0.02%, 4, 0, 3, 93.25, 58183, 1806
402, 0, 102, 617, 578, 161, 0.02%, 4, 0, 3, 89.06, 58638, 1807
407, 0, 102, 619, 580, 161, 0.02%, 4, 0, 3, 91.63, 59120, 1807
412, 0, 102, 620, 581, 161, 0.02%, 4, 0, 3, 91.21, 59589, 1807
417, 0, 102, 621, 582, 161, 0.02%, 4, 0, 3, 89.83, 60049, 1807
422, 0, 102, 621, 582, 161, 0.02%, 4, 0, 3, 90.15, 60511, 1807
427, 0, 102, 621, 582, 161, 0.02%, 4, 0, 3, 87.76, 60962, 1807
433, 0, 102, 623, 584, 161, 0.02%, 4, 0, 3, 40.00, 61326, 1807
438, 0, 102, 624, 585, 161, 0.02%, 4, 0, 3, 82.76, 61782, 1808
443, 0, 102, 626, 587, 161, 0.02%, 4, 0, 3, 79.41, 62219, 1808
448, 0, 121, 628, 588, 185, 0.02%, 4, 0, 3, 92.13, 62693, 1808
453, 0, 121, 628, 588, 185, 0.02%, 4, 0, 3, 116.05, 63324, 1808
458, 0, 355, 628, 587, 184, 0.02%, 4, 0, 3, 97.39, 63786, 1808
463, 0, 355, 628, 587, 184, 0.02%, 4, 0, 3, 96.75, 64271, 1808
468, 0, 9, 628, 586, 183, 0.02%, 4, 0, 3, 98.67, 64777, 1808
474, 0, 9, 628, 586, 183, 0.02%, 4, 0, 3, 113.57, 65380, 1808
479, 0, 9, 628, 586, 183, 0.02%, 4, 0, 3, 113.96, 65972, 1808
484, 0, 9, 628, 586, 183, 0.02%, 4, 0, 3, 109.01, 66526, 1808
489, 0, 9, 628, 586, 183, 0.02%, 4, 0, 3, 107.03, 67054, 1808
494, 0, 305, 628, 585, 182, 0.02%, 4, 0, 3, 103.12, 67592, 1808
499, 0, 305, 628, 585, 182, 0.02%, 4, 0, 3, 95.89, 68076, 1808
504, 0, 305, 628, 585, 182, 0.02%, 4, 0, 3, 101.12, 68605, 1808
509, 0, 321, 628, 584, 181, 0.02%, 4, 0, 3, 117.18, 69201, 1808
514, 0, 321, 628, 584, 181, 0.02%, 4, 0, 3, 125.39, 69857, 1808
520, 0, 321, 631, 587, 181, 0.02%, 4, 0, 3, 126.37, 70505, 1809
525, 0, 424, 631, 586, 181, 0.02%, 4, 0, 3, 122.06, 71133, 1809
530, 0, 424, 631, 586, 181, 0.02%, 4, 0, 3, 124.12, 71776, 1809
535, 0, 322, 632, 586, 180, 0.02%, 4, 0, 3, 105.92, 72313, 1809
540, 0, 322, 632, 586, 180, 0.02%, 4, 0, 3, 95.85, 72792, 1809
545, 0, 322, 633, 587, 180, 0.02%, 4, 0, 3, 97.33, 73299, 1810
551, 0, 455, 633, 586, 180, 0.02%, 4, 0, 3, 96.84, 73802, 1810
556, 0, 455, 637, 590, 180, 0.02%, 4, 0, 3, 94.85, 74283, 1814
561, 0, 455, 639, 592, 180, 0.02%, 4, 0, 3, 96.64, 74770, 1815
566, 0, 455, 639, 592, 180, 0.02%, 4, 0, 3, 98.16, 75274, 1815
571, 0, 455, 639, 592, 180, 0.02%, 4, 0, 3, 98.54, 75779, 1815
576, 0, 455, 639, 592, 180, 0.02%, 4, 0, 3, 98.65, 76286, 1815
581, 0, 455, 639, 592, 180, 0.02%, 4, 0, 3, 97.03, 76781, 1815
586, 0, 455, 640, 593, 180, 0.02%, 4, 0, 3, 96.17, 77274, 1815
592, 0, 455, 641, 594, 180, 0.02%, 4, 0, 3, 96.36, 77768, 1815
597, 0, 455, 641, 594, 180, 0.02%, 4, 0, 3, 97.68, 78268, 1815
602, 0, 455, 642, 595, 180, 0.02%, 4, 0, 3, 95.09, 78753, 1815
607, 0, 455, 642, 595, 180, 0.02%, 4, 0, 3, 94.35, 79235, 1815
612, 0, 455, 642, 595, 180, 0.02%, 4, 0, 3, 96.30, 79732, 1815
617, 0, 455, 642, 595, 180, 0.02%, 4, 0, 3, 94.43, 80210, 1815
622, 0, 455, 643, 596, 180, 0.02%, 4, 0, 3, 96.13, 80707, 1815
627, 0, 455, 643, 596, 180, 0.02%, 4, 0, 3, 97.08, 81205, 1815
633, 0, 455, 643, 596, 180, 0.02%, 4, 0, 3, 96.99, 81701, 1815
638, 0, 455, 643, 596, 180, 0.02%, 4, 0, 3, 95.49, 82186, 1815
643, 0, 455, 643, 596, 180, 0.02%, 4, 0, 3, 95.01, 82673, 1815
648, 0, 455, 644, 597, 180, 0.02%, 4, 0, 3, 95.73, 83164, 1815
653, 0, 455, 644, 597, 180, 0.02%, 4, 0, 3, 95.65, 83653, 1815
658, 0, 455, 644, 597, 180, 0.02%, 4, 0, 3, 96.79, 84148, 1815
663, 0, 455, 644, 597, 180, 0.02%, 4, 0, 3, 96.37, 84643, 1815
668, 0, 455, 644, 597, 180, 0.02%, 4, 0, 3, 95.98, 85140, 1815
673, 0, 455, 644, 597, 180, 0.02%, 4, 0, 3, 96.52, 85633, 1815
679, 0, 455, 644, 597, 180, 0.02%, 4, 0, 3, 97.17, 86131, 1815
684, 0, 455, 644, 597, 180, 0.02%, 4, 0, 3, 97.70, 86629, 1815
689, 0, 455, 644, 597, 180, 0.02%, 4, 0, 3, 96.78, 87114, 1815
694, 0, 455, 645, 598, 180, 0.02%, 4, 0, 3, 97.34, 87611, 1815
699, 0, 455, 645, 598, 180, 0.02%, 4, 0, 3, 95.55, 88104, 1815
704, 0, 455, 646, 599, 180, 0.02%, 4, 0, 3, 97.66, 88603, 1816
709, 0, 455, 646, 599, 180, 0.02%, 4, 0, 3, 98.95, 89112, 1816
714, 0, 455, 646, 599, 180, 0.02%, 4, 0, 3, 97.65, 89611, 1816
719, 0, 455, 647, 600, 180, 0.02%, 4, 0, 3, 96.55, 90110, 1816
725, 0, 455, 647, 600, 180, 0.02%, 4, 0, 3, 96.73, 90604, 1816
730, 0, 455, 647, 600, 180, 0.02%, 4, 0, 3, 97.17, 91100, 1816
735, 0, 455, 648, 601, 180, 0.02%, 4, 0, 3, 94.77, 91586, 1816
740, 0, 455, 648, 601, 180, 0.02%, 4, 0, 3, 93.62, 92066, 1816
745, 0, 455, 648, 601, 180, 0.02%, 4, 0, 3, 93.76, 92547, 1816
750, 0, 455, 648, 601, 180, 0.02%, 4, 0, 3, 93.88, 93028, 1816
755, 0, 455, 648, 601, 180, 0.02%, 4, 0, 3, 97.79, 93533, 1816
760, 0, 455, 648, 601, 180, 0.02%, 4, 0, 3, 95.53, 94021, 1816
766, 0, 455, 648, 601, 180, 0.02%, 4, 0, 3, 96.40, 94516, 1816
771, 0, 455, 648, 601, 180, 0.02%, 4, 0, 3, 97.83, 95017, 1816
776, 0, 455, 649, 602, 180, 0.02%, 4, 0, 3, 97.29, 95511, 1816
781, 0, 455, 649, 602, 180, 0.02%, 4, 0, 3, 96.84, 96004, 1816
786, 0, 455, 649, 602, 180, 0.02%, 4, 0, 3, 95.50, 96491, 1816
791, 0, 455, 650, 603, 180, 0.02%, 4, 0, 3, 95.02, 96982, 1816
796, 0, 455, 650, 603, 180, 0.02%, 4, 0, 3, 96.78, 97479, 1816
801, 0, 455, 650, 603, 180, 0.02%, 4, 0, 3, 95.28, 97967, 1816
806, 0, 455, 650, 603, 180, 0.02%, 4, 0, 3, 97.04, 98469, 1816
812, 0, 455, 650, 603, 180, 0.02%, 4, 0, 3, 93.75, 98950, 1816
817, 0, 455, 650, 603, 180, 0.02%, 4, 0, 3, 96.35, 99443, 1816
822, 0, 455, 650, 603, 180, 0.02%, 4, 0, 3, 95.02, 99929, 1816
827, 0, 455, 651, 604, 180, 0.02%, 4, 0, 3, 93.60, 100410, 1816
832, 0, 455, 652, 605, 180, 0.02%, 4, 0, 3, 93.99, 100881, 1817
837, 0, 455, 652, 605, 180, 0.02%, 4, 0, 3, 95.91, 101381, 1817
842, 0, 455, 653, 606, 180, 0.02%, 4, 0, 3, 96.88, 101865, 1818
847, 0, 455, 653, 606, 180, 0.02%, 4, 0, 3, 99.21, 102376, 1818
852, 0, 455, 654, 607, 180, 0.02%, 4, 0, 3, 102.36, 102906, 1819
857, 0, 455, 654, 607, 180, 0.02%, 4, 0, 3, 101.15, 103412, 1819
862, 0, 455, 654, 607, 180, 0.02%, 4, 0, 3, 101.87, 103924, 1819
868, 0, 455, 655, 608, 180, 0.02%, 4, 0, 3, 98.32, 104432, 1820
873, 0, 455, 655, 608, 180, 0.02%, 4, 0, 3, 96.62, 104922, 1820
878, 0, 455, 655, 608, 180, 0.02%, 4, 0, 3, 97.18, 105419, 1820
883, 0, 455, 655, 608, 180, 0.02%, 4, 0, 3, 99.39, 105933, 1820
888, 0, 455, 656, 609, 180, 0.02%, 4, 0, 3, 100.63, 106454, 1820
893, 0, 455, 657, 610, 180, 0.02%, 4, 0, 3, 98.63, 106964, 1820
898, 0, 173, 657, 609, 187, 0.02%, 4, 0, 3, 93.14, 107447, 1820
903, 0, 173, 657, 609, 187, 0.02%, 4, 0, 3, 92.53, 107920, 1820
909, 0, 173, 657, 609, 187, 0.02%, 4, 0, 3, 97.33, 108417, 1820
914, 0, 458, 657, 608, 186, 0.02%, 4, 0, 3, 109.77, 108978, 1820
919, 0, 458, 662, 613, 186, 0.02%, 4, 0, 3, 117.36, 109582, 1820
924, 0, 458, 666, 617, 186, 0.02%, 4, 0, 3, 123.98, 110210, 1820
929, 0, 458, 668, 619, 186, 0.02%, 4, 0, 3, 122.15, 110828, 1820
934, 0, 458, 669, 620, 186, 0.02%, 4, 0, 3, 125.17, 111475, 1821
939, 0, 458, 671, 622, 186, 0.02%, 4, 0, 3, 124.30, 112121, 1821
944, 0, 458, 675, 626, 186, 0.02%, 4, 0, 3, 122.81, 112751, 1822
950, 0, 458, 676, 627, 186, 0.02%, 4, 0, 3, 124.83, 113400, 1822
955, 0, 458, 677, 628, 186, 0.02%, 4, 0, 3, 124.50, 114041, 1822
960, 0, 458, 680, 631, 186, 0.02%, 4, 0, 3, 123.29, 114656, 1823
965, 0, 458, 682, 633, 186, 0.02%, 4, 0, 3, 122.70, 115304, 1823
970, 0, 458, 683, 634, 186, 0.02%, 4, 0, 3, 124.66, 115960, 1823
975, 0, 458, 683, 634, 186, 0.02%, 4, 0, 3, 125.60, 116611, 1823
981, 0, 458, 684, 635, 186, 0.02%, 4, 0, 3, 124.69, 117258, 1823
986, 0, 458, 684, 635, 186, 0.02%, 4, 0, 3, 125.39, 117904, 1823
991, 0, 458, 684, 635, 186, 0.02%, 4, 0, 3, 125.51, 118556, 1823
996, 0, 458, 684, 635, 186, 0.02%, 4, 0, 3, 125.55, 119208, 1823
1001, 0, 458, 685, 636, 186, 0.02%, 4, 0, 3, 124.03, 119827, 1823
1006, 0, 458, 687, 638, 186, 0.02%, 4, 0, 3, 124.07, 120457, 1825
1011, 0, 458, 687, 638, 186, 0.02%, 4, 0, 3, 123.51, 121103, 1825
1017, 0, 458, 688, 639, 186, 0.02%, 4, 0, 3, 123.39, 121738, 1825
1022, 0, 458, 688, 639, 186, 0.02%, 4, 0, 3, 125.22, 122390, 1825
1027, 0, 458, 688, 639, 186, 0.02%, 4, 0, 3, 125.36, 123040, 1825
1032, 0, 458, 688, 639, 186, 0.02%, 4, 0, 3, 125.88, 123698, 1825
1037, 0, 458, 688, 639, 186, 0.02%, 4, 0, 3, 125.75, 124348, 1825
1042, 0, 458, 688, 639, 186, 0.02%, 4, 0, 3, 124.86, 124996, 1825
1048, 0, 458, 688, 639, 186, 0.02%, 4, 0, 3, 121.45, 125606, 1825
1053, 0, 458, 688, 639, 186, 0.02%, 4, 0, 3, 123.97, 126252, 1825
1058, 0, 458, 689, 640, 186, 0.02%, 4, 0, 3, 121.93, 126883, 1825
1063, 0, 458, 689, 640, 186, 0.02%, 4, 0, 3, 124.03, 127521, 1825
1068, 0, 458, 689, 640, 186, 0.02%, 4, 0, 3, 126.47, 128179, 1825
1073, 0, 458, 690, 641, 186, 0.02%, 4, 0, 3, 127.81, 128826, 1825
1078, 0, 458, 690, 641, 186, 0.02%, 4, 0, 3, 129.44, 129496, 1825
1084, 0, 458, 690, 641, 186, 0.02%, 4, 0, 3, 129.96, 130170, 1825
1089, 0, 458, 691, 642, 186, 0.02%, 4, 0, 3, 126.79, 130821, 1825
1094, 0, 458, 692, 643, 186, 0.02%, 4, 0, 3, 124.77, 131444, 1825
1099, 0, 458, 693, 644, 186, 0.02%, 4, 0, 3, 125.45, 132071, 1826
1104, 0, 458, 694, 645, 186, 0.02%, 4, 0, 3, 126.46, 132712, 1827
1109, 0, 458, 695, 646, 186, 0.02%, 4, 0, 3, 122.97, 133337, 1827
1114, 0, 458, 695, 646, 186, 0.02%, 4, 0, 3, 125.43, 133989, 1827
1119, 0, 458, 695, 646, 186, 0.02%, 4, 0, 3, 123.76, 134629, 1827
1124, 0, 458, 695, 646, 186, 0.02%, 4, 0, 3, 124.54, 135257, 1827
1130, 0, 458, 696, 647, 186, 0.02%, 4, 0, 3, 124.33, 135902, 1827
1135, 0, 458, 696, 647, 186, 0.02%, 4, 0, 3, 124.42, 136524, 1827
1140, 0, 458, 696, 647, 186, 0.02%, 4, 0, 3, 124.67, 137170, 1827
1145, 0, 458, 696, 647, 186, 0.02%, 4, 0, 3, 124.63, 137814, 1827
1150, 0, 458, 697, 648, 186, 0.02%, 4, 0, 3, 123.72, 138461, 1827
1155, 0, 458, 698, 649, 186, 0.02%, 4, 0, 3, 123.62, 139078, 1827
1160, 0, 458, 698, 649, 186, 0.02%, 4, 0, 3, 124.46, 139722, 1827
1165, 0, 458, 698, 649, 186, 0.02%, 4, 0, 3, 124.27, 140370, 1827
1171, 0, 458, 698, 649, 186, 0.02%, 4, 0, 3, 121.85, 141002, 1827
1176, 0, 458, 698, 649, 186, 0.02%, 4, 0, 3, 117.18, 141606, 1827
1181, 0, 458, 698, 649, 186, 0.02%, 4, 0, 3, 119.44, 142204, 1827
1186, 0, 458, 698, 649, 186, 0.02%, 4, 0, 3, 122.08, 142836, 1827
1191, 0, 247, 698, 648, 190, 0.02%, 4, 0, 3, 125.79, 143463, 1827
1196, 0, 246, 698, 647, 189, 0.02%, 4, 0, 3, 107.22, 144005, 1827
1201, 0, 246, 698, 647, 189, 0.02%, 4, 0, 3, 97.80, 144488, 1827
1206, 0, 94, 698, 646, 188, 0.02%, 4, 0, 3, 94.59, 144979, 1827
1212, 0, 94, 698, 646, 188, 0.02%, 4, 0, 3, 88.63, 145423, 1827
1217, 0, 94, 698, 646, 188, 0.02%, 4, 0, 3, 88.44, 145879, 1827
1222, 0, 94, 704, 652, 188, 0.02%, 4, 0, 3, 81.29, 146290, 1829
1227, 0, 94, 724, 672, 188, 0.02%, 4, 0, 3, 81.49, 146685, 1837
1232, 0, 94, 732, 680, 188, 0.02%, 4, 0, 3, 85.40, 147124, 1838
1237, 0, 94, 742, 690, 188, 0.02%, 4, 0, 3, 84.82, 147556, 1841
1242, 0, 94, 745, 693, 188, 0.02%, 5, 0, 3, 89.48, 148019, 1842
1247, 0, 94, 748, 696, 188, 0.02%, 5, 0, 3, 90.88, 148475, 1842
1252, 0, 94, 750, 698, 188, 0.02%, 6, 0, 3, 91.14, 148954, 1842
1258, 0, 94, 752, 700, 188, 0.02%, 6, 0, 3, 90.82, 149419, 1843
1263, 0, 94, 755, 703, 188, 0.02%, 7, 0, 3, 90.00, 149874, 1843
1268, 0, 94, 758, 706, 188, 0.02%, 7, 0, 3, 91.95, 150347, 1845
1273, 0, 94, 758, 706, 188, 0.02%, 7, 0, 3, 93.56, 150824, 1845
1278, 0, 94, 759, 707, 188, 0.02%, 8, 0, 3, 92.63, 151299, 1845
1283, 0, 94, 760, 708, 188, 0.02%, 8, 0, 3, 91.92, 151772, 1846
1288, 0, 94, 762, 710, 188, 0.02%, 9, 0, 3, 90.64, 152242, 1846
1294, 0, 94, 762, 710, 188, 0.02%, 9, 0, 3, 90.91, 152708, 1846
1299, 0, 94, 762, 710, 188, 0.02%, 9, 0, 3, 91.75, 153179, 1846
1304, 0, 94, 763, 711, 188, 0.02%, 10, 0, 3, 92.50, 153660, 1846
1309, 0, 94, 763, 711, 188, 0.02%, 10, 0, 3, 94.14, 154143, 1846
1314, 0, 94, 764, 712, 188, 0.02%, 10, 0, 3, 92.72, 154619, 1846
1319, 0, 94, 765, 713, 188, 0.02%, 10, 0, 3, 90.87, 155083, 1846
1324, 0, 94, 766, 714, 188, 0.02%, 10, 0, 3, 87.98, 155533, 1846
1329, 0, 94, 766, 714, 188, 0.02%, 10, 0, 3, 87.14, 155979, 1846
1335, 0, 94, 766, 714, 188, 0.02%, 10, 0, 3, 88.13, 156431, 1846
1340, 0, 94, 767, 715, 188, 0.02%, 10, 0, 3, 86.75, 156882, 1846
1345, 0, 94, 769, 717, 188, 0.02%, 11, 0, 3, 85.27, 157322, 1846
1350, 0, 94, 769, 717, 188, 0.02%, 12, 0, 3, 86.79, 157768, 1846
1355, 0, 94, 770, 718, 188, 0.02%, 12, 0, 3, 87.15, 158216, 1847
1360, 0, 94, 771, 719, 188, 0.02%, 12, 0, 3, 87.18, 158658, 1847
1365, 0, 94, 771, 719, 188, 0.02%, 12, 0, 3, 88.72, 159114, 1847
1370, 0, 94, 771, 719, 188, 0.02%, 12, 0, 3, 88.40, 159567, 1847
1376, 0, 94, 771, 719, 188, 0.02%, 12, 0, 3, 87.28, 160009, 1847
1381, 0, 94, 772, 720, 188, 0.02%, 12, 0, 3, 87.36, 160455, 1847
1386, 0, 94, 772, 720, 188, 0.02%, 12, 0, 3, 82.37, 160873, 1847
1391, 0, 94, 773, 721, 188, 0.02%, 12, 0, 3, 84.23, 161298, 1848
1396, 0, 94, 773, 721, 188, 0.02%, 12, 0, 3, 80.94, 161705, 1848
1401, 0, 94, 773, 721, 188, 0.02%, 12, 0, 3, 82.75, 162133, 1848
1406, 0, 94, 773, 721, 188, 0.02%, 12, 0, 3, 84.85, 162571, 1848
1411, 0, 94, 773, 721, 188, 0.02%, 12, 0, 3, 84.54, 163004, 1848
1416, 0, 94, 773, 721, 188, 0.02%, 12, 0, 3, 85.09, 163441, 1848
1422, 0, 94, 773, 721, 188, 0.02%, 12, 0, 3, 83.23, 163870, 1848
1427, 0, 94, 773, 721, 188, 0.02%, 12, 0, 3, 88.54, 164329, 1848
1432, 0, 94, 774, 722, 188, 0.02%, 12, 0, 3, 91.43, 164798, 1848
1437, 0, 94, 774, 722, 188, 0.02%, 13, 0, 3, 88.29, 165241, 1848
1442, 0, 94, 774, 722, 188, 0.02%, 13, 0, 3, 94.01, 165728, 1848
1443, 0, 94, 775, 723, 188, 0.02%, 13, 0, 3, 91.11, 165839, 1848
