# relative_time, cycles_done, cur_item, corpus_count, pending_total, pending_favs, map_size, saved_crashes, saved_hangs, max_depth, execs_per_sec, total_execs, edges_found
60, 0, 9, 159, 122, 30, 0.02%, 0, 0, 2, 250.83, 19714, 1422
65, 0, 9, 160, 123, 30, 0.02%, 0, 0, 2, 234.24, 20913, 1422
71, 0, 9, 160, 123, 30, 0.02%, 0, 0, 2, 235.64, 22149, 1422
76, 0, 9, 161, 124, 30, 0.02%, 0, 0, 2, 236.00, 23376, 1422
81, 0, 9, 163, 126, 30, 0.02%, 0, 0, 2, 238.49, 24574, 1424
86, 0, 9, 164, 127, 30, 0.02%, 0, 0, 2, 233.07, 25737, 1424
91, 0, 9, 164, 127, 30, 0.02%, 0, 0, 2, 238.78, 26977, 1424
96, 0, 9, 164, 127, 30, 0.02%, 0, 0, 2, 237.00, 28213, 1424
101, 0, 9, 165, 128, 30, 0.02%, 0, 0, 2, 226.70, 29392, 1425
107, 0, 9, 167, 130, 30, 0.02%, 0, 0, 2, 212.57, 30462, 1426
112, 0, 9, 167, 130, 30, 0.02%, 0, 0, 2, 207.37, 31518, 1426
117, 0, 9, 168, 131, 30, 0.02%, 0, 0, 2, 195.50, 32506, 1427
122, 0, 9, 172, 135, 30, 0.02%, 0, 0, 2, 183.71, 33470, 1428
127, 0, 9, 177, 140, 30, 0.02%, 0, 0, 2, 169.49, 34282, 1433
132, 0, 10, 199, 161, 29, 0.02%, 0, 0, 2, 144.56, 34998, 1460
137, 0, 10, 256, 218, 29, 0.02%, 0, 0, 2, 107.33, 35489, 1505
142, 0, 10, 317, 279, 29, 0.02%, 0, 0, 2, 102.20, 35989, 1566
147, 0, 10, 378, 340, 29, 0.02%, 0, 0, 2, 97.74, 36482, 1629
152, 0, 10, 437, 399, 29, 0.02%, 0, 0, 2, 95.19, 36955, 1662
158, 0, 10, 466, 428, 29, 0.02%, 0, 0, 2, 102.83, 37536, 1679
165, 0, 10, 488, 450, 29, 0.02%, 0, 0, 2, 109.58, 38453, 1690
171, 0, 10, 501, 463, 29, 0.02%, 0, 0, 2, 111.27, 39206, 1694
176, 0, 10, 532, 494, 29, 0.02%, 0, 0, 2, 100.59, 39730, 1739
181, 0, 10, 583, 545, 29, 0.02%, 0, 0, 2, 98.87, 40223, 1754
186, 0, 10, 616, 578, 29, 0.02%, 0, 0, 2, 101.07, 40774, 1790
191, 0, 11, 621, 583, 171, 0.02%, 0, 0, 2, 108.40, 41328, 1792
196, 0, 11, 621, 583, 171, 0.02%, 0, 0, 2, 97.27, 41822, 1792
202, 0, 11, 621, 583, 171, 0.02%, 0, 0, 2, 111.56, 42406, 1792
207, 0, 12, 623, 584, 171, 0.02%, 0, 0, 2, 138.96, 43212, 1792
212, 0, 12, 625, 586, 171, 0.02%, 0, 0, 2, 129.72, 43854, 1792
217, 0, 12, 626, 587, 171, 0.02%, 0, 0, 2, 128.63, 44519, 1792
222, 0, 12, 627, 588, 171, 0.02%, 0, 0, 2, 118.95, 45112, 1793
227, 0, 12, 629, 590, 171, 0.02%, 0, 0, 2, 113.74, 45680, 1793
232, 0, 12, 629, 590, 171, 0.02%, 0, 0, 2, 114.21, 46246, 1793
237, 0, 12, 629, 590, 171, 0.02%, 0, 0, 2, 108.95, 46808, 1793
243, 0, 12, 629, 590, 171, 0.02%, 0, 0, 2, 107.24, 47370, 1793
248, 0, 12, 629, 590, 171, 0.02%, 0, 0, 2, 101.92, 47880, 1793
253, 0, 12, 629, 590, 171, 0.02%, 0, 0, 2, 99.93, 48396, 1793
258, 0, 12, 629, 590, 171, 0.02%, 0, 0, 2, 97.96, 48894, 1793
263, 0, 12, 629, 590, 171, 0.02%, 0, 0, 2, 99.94, 49404, 1793
268, 0, 12, 629, 590, 171, 0.02%, 0, 0, 2, 98.78, 49908, 1793
273, 0, 12, 629, 590, 171, 0.02%, 0, 0, 2, 106.47, 50448, 1793
278, 0, 12, 629, 590, 171, 0.02%, 0, 0, 2, 107.23, 51008, 1793
283, 0, 12, 629, 590, 171, 0.02%, 0, 0, 2, 107.16, 51554, 1793
288, 0, 12, 629, 590, 171, 0.02%, 0, 0, 2, 107.69, 52100, 1793
294, 0, 12, 629, 590, 171, 0.02%, 0, 0, 2, 106.75, 52658, 1793
299, 0, 12, 629, 590, 171, 0.02%, 0, 0, 2, 106.22, 53192, 1793
304, 0, 12, 629, 590, 171, 0.02%, 0, 0, 2, 105.72, 53740, 1793
309, 0, 12, 629, 590, 171, 0.02%, 0, 0, 2, 103.33, 54254, 1793
314, 0, 12, 629, 590, 171, 0.02%, 0, 0, 2, 103.83, 54778, 1793
319, 0, 12, 629, 590, 171, 0.02%, 0, 0, 2, 90.00, 55234, 1793
324, 0, 12, 631, 592, 171, 0.02%, 0, 0, 2, 96.57, 55737, 1794
329, 0, 12, 631, 592, 171, 0.02%, 0, 0, 2, 96.97, 56237, 1794
334, 0, 12, 631, 592, 171, 0.02%, 0, 0, 2, 93.14, 56715, 1794
339, 0, 12, 631, 592, 171, 0.02%, 0, 0, 2, 92.19, 57186, 1794
345, 0, 12, 631, 592, 171, 0.02%, 0, 0, 2, 98.34, 57691, 1794
350, 0, 12, 632, 593, 171, 0.02%, 0, 0, 2, 100.46, 58217, 1794
355, 0, 12, 632, 593, 171, 0.02%, 0, 0, 2, 97.71, 58706, 1794
360, 0, 12, 632, 593, 171, 0.02%, 0, 0, 2, 91.74, 59172, 1794
365, 0, 12, 632, 593, 171, 0.02%, 0, 0, 2, 82.56, 59592, 1794
370, 0, 12, 632, 593, 171, 0.02%, 0, 0, 2, 89.22, 60058, 1794
375, 0, 12, 632, 593, 171, 0.02%, 0, 0, 2, 89.82, 60513, 1794
380, 0, 12, 632, 593, 171, 0.02%, 0, 0, 2, 95.04, 61005, 1794
386, 0, 12, 632, 593, 171, 0.02%, 0, 0, 2, 96.94, 61504, 1794
391, 0, 12, 632, 593, 171, 0.02%, 0, 0, 2, 96.69, 61998, 1794
396, 0, 12, 632, 593, 171, 0.02%, 0, 0, 2, 91.25, 62467, 1794
401, 0, 12, 632, 593, 171, 0.02%, 0, 0, 2, 82.00, 62879, 1794
406, 0, 12, 632, 593, 171, 0.02%, 0, 0, 2, 86.23, 63326, 1794
411, 0, 12, 632, 593, 171, 0.02%, 0, 0, 2, 84.62, 63755, 1794
416, 0, 12, 632, 593, 171, 0.02%, 0, 0, 2, 82.10, 64171, 1794
421, 0, 12, 632, 593, 171, 0.02%, 0, 0, 2, 87.74, 64625, 1794
427, 0, 12, 632, 593, 171, 0.02%, 0, 0, 2, 90.27, 65093, 1794
432, 0, 12, 632, 593, 171, 0.02%, 0, 0, 2, 91.10, 65563, 1794
437, 0, 12, 632, 593, 171, 0.02%, 0, 0, 2, 88.70, 66015, 1794
442, 0, 12, 632, 593, 171, 0.02%, 0, 0, 2, 92.72, 66495, 1794
447, 0, 12, 632, 593, 171, 0.02%, 0, 0, 2, 90.72, 66958, 1794
452, 0, 12, 632, 593, 171, 0.02%, 0, 0, 2, 91.95, 67427, 1794
457, 0, 12, 632, 593, 171, 0.02%, 0, 0, 2, 19.87, 67786, 1794
462, 0, 12, 633, 594, 171, 0.02%, 0, 0, 2, 78.76, 68271, 1794
467, 0, 18, 633, 593, 172, 0.02%, 0, 0, 2, 82.23, 68708, 1794
472, 0, 18, 640, 600, 172, 0.02%, 0, 0, 2, 79.24, 69100, 1797
478, 0, 18, 642, 602, 172, 0.02%, 0, 0, 2, 84.43, 69546, 1797
483, 0, 18, 643, 603, 172, 0.02%, 0, 0, 2, 59.41, 69797, 1797
488, 0, 18, 646, 606, 172, 0.02%, 0, 0, 2, 82.74, 70258, 1797
493, 0, 18, 648, 608, 172, 0.02%, 0, 0, 2, 85.32, 70694, 1797
498, 0, 18, 651, 611, 172, 0.02%, 0, 0, 2, 84.91, 71125, 1797
503, 0, 18, 653, 613, 172, 0.02%, 0, 0, 2, 85.49, 71564, 1801
508, 0, 18, 653, 613, 172, 0.02%, 0, 0, 2, 90.32, 72031, 1801
514, 0, 18, 654, 614, 172, 0.02%, 0, 0, 2, 89.72, 72496, 1801
519, 0, 18, 654, 614, 172, 0.02%, 0, 0, 2, 90.00, 72956, 1801
524, 0, 18, 655, 615, 172, 0.02%, 0, 0, 2, 93.68, 73439, 1801
529, 0, 19, 660, 619, 174, 0.02%, 0, 0, 2, 80.76, 73849, 1805
534, 0, 19, 664, 623, 174, 0.02%, 0, 0, 2, 76.83, 74228, 1805
539, 0, 19, 667, 626, 174, 0.02%, 0, 0, 2, 76.35, 74620, 1805
544, 0, 19, 667, 626, 174, 0.02%, 0, 0, 2, 80.79, 75039, 1805
550, 0, 19, 668, 627, 174, 0.02%, 1, 0, 2, 81.00, 75460, 1805
555, 0, 19, 669, 628, 174, 0.02%, 1, 0, 2, 79.89, 75868, 1806
560, 0, 19, 671, 630, 174, 0.02%, 1, 0, 2, 78.63, 76261, 1808
565, 0, 19, 671, 630, 174, 0.02%, 1, 0, 2, 79.48, 76670, 1808
570, 0, 19, 671, 630, 174, 0.02%, 1, 0, 2, 78.17, 77074, 1808
575, 0, 19, 671, 630, 174, 0.02%, 1, 0, 2, 79.15, 77481, 1808
580, 0, 19, 673, 632, 174, 0.02%, 1, 0, 2, 78.49, 77882, 1809
585, 0, 19, 673, 632, 174, 0.02%, 1, 0, 2, 79.52, 78290, 1809
591, 0, 19, 674, 633, 174, 0.02%, 1, 0, 2, 79.82, 78702, 1809
596, 0, 19, 674, 633, 174, 0.02%, 2, 0, 2, 80.08, 79113, 1809
601, 0, 19, 675, 634, 174, 0.02%, 2, 0, 2, 80.48, 79530, 1809
606, 0, 19, 677, 636, 174, 0.02%, 2, 0, 2, 79.57, 79929, 1809
611, 0, 19, 678, 637, 174, 0.02%, 2, 0, 2, 80.24, 80330, 1809
616, 0, 19, 678, 637, 174, 0.02%, 2, 0, 2, 79.77, 80739, 1809
621, 0, 19, 679, 638, 174, 0.02%, 2, 0, 2, 79.11, 81135, 1809
626, 0, 19, 679, 638, 174, 0.02%, 2, 0, 2, 79.12, 81540, 1809
631, 0, 19, 680, 639, 174, 0.02%, 2, 0, 2, 78.43, 81948, 1809
637, 0, 19, 680, 639, 174, 0.02%, 2, 0, 2, 78.80, 82353, 1809
642, 0, 19, 681, 640, 174, 0.02%, 2, 0, 2, 77.91, 82742, 1809
647, 0, 19, 682, 641, 174, 0.02%, 2, 0, 2, 77.32, 83141, 1809
652, 0, 19, 682, 641, 174, 0.02%, 2, 0, 2, 77.43, 83538, 1809
657, 0, 19, 682, 641, 174, 0.02%, 2, 0, 2, 78.70, 83940, 1809
662, 0, 19, 682, 641, 174, 0.02%, 2, 0, 2, 77.56, 84337, 1809
667, 0, 19, 682, 641, 174, 0.02%, 2, 0, 2, 77.81, 84738, 1809
672, 0, 19, 682, 641, 174, 0.02%, 2, 0, 2, 78.23, 85136, 1809
677, 0, 19, 684, 643, 174, 0.02%, 2, 0, 2, 77.66, 85528, 1810
682, 0, 19, 685, 644, 174, 0.02%, 2, 0, 2, 77.77, 85916, 1810
688, 0, 19, 685, 644, 174, 0.02%, 2, 0, 2, 78.12, 86318, 1810
693, 0, 19, 685, 644, 174, 0.02%, 2, 0, 2, 78.44, 86721, 1810
698, 0, 19, 685, 644, 174, 0.02%, 2, 0, 2, 77.34, 87119, 1810
703, 0, 19, 685, 644, 174, 0.02%, 2, 0, 2, 77.04, 87516, 1810
708, 0, 19, 685, 644, 174, 0.02%, 2, 0, 2, 77.82, 87914, 1810
713, 0, 19, 685, 644, 174, 0.02%, 2, 0, 2, 78.00, 88314, 1810
718, 0, 19, 685, 644, 174, 0.02%, 2, 0, 2, 78.14, 88716, 1810
724, 0, 19, 685, 644, 174, 0.02%, 2, 0, 2, 78.27, 89116, 1810
729, 0, 19, 685, 644, 174, 0.02%, 2, 0, 2, 78.70, 89521, 1810
734, 0, 19, 685, 644, 174, 0.02%, 2, 0, 2, 76.27, 89914, 1810
739, 0, 19, 685, 644, 174, 0.02%, 2, 0, 2, 78.12, 90317, 1810
744, 0, 19, 685, 644, 174, 0.02%, 2, 0, 2, 77.64, 90714, 1810
749, 0, 19, 685, 644, 174, 0.02%, 2, 0, 2, 78.06, 91113, 1810
754, 0, 19, 685, 644, 174, 0.02%, 2, 0, 2, 79.86, 91521, 1810
759, 0, 19, 686, 645, 174, 0.02%, 2, 0, 2, 78.90, 91927, 1810
765, 0, 19, 686, 645, 174, 0.02%, 2, 0, 2, 79.52, 92334, 1810
770, 0, 19, 687, 646, 174, 0.02%, 3, 0, 2, 78.67, 92728, 1810
775, 0, 19, 687, 646, 174, 0.02%, 3, 0, 2, 78.74, 93131, 1810
780, 0, 19, 689, 648, 174, 0.02%, 3, 0, 2, 78.41, 93533, 1814
785, 0, 19, 689, 648, 174, 0.02%, 3, 0, 2, 77.43, 93929, 1814
790, 0, 19, 689, 648, 174, 0.02%, 3, 0, 2, 77.59, 94327, 1814
795, 0, 19, 689, 648, 174, 0.02%, 3, 0, 2, 76.97, 94721, 1814
800, 0, 19, 689, 648, 174, 0.02%, 3, 0, 2, 78.29, 95123, 1814
806, 0, 19, 689, 648, 174, 0.02%, 3, 0, 2, 77.94, 95521, 1814
811, 0, 19, 689, 648, 174, 0.02%, 3, 0, 2, 79.16, 95927, 1814
816, 0, 19, 690, 649, 174, 0.02%, 3, 0, 2, 77.32, 96328, 1814
821, 0, 19, 690, 649, 174, 0.02%, 4, 0, 2, 78.86, 96733, 1814
826, 0, 19, 691, 650, 174, 0.02%, 4, 0, 2, 78.17, 97138, 1814
831, 0, 19, 692, 651, 174, 0.02%, 4, 0, 2, 78.86, 97541, 1814
836, 0, 19, 692, 651, 174, 0.02%, 5, 0, 2, 80.63, 97952, 1814
842, 0, 19, 692, 651, 174, 0.02%, 5, 0, 2, 79.47, 98359, 1814
847, 0, 19, 692, 651, 174, 0.02%, 5, 0, 2, 100.73, 98884, 1814
852, 0, 21, 692, 650, 179, 0.02%, 5, 0, 2, 42.85, 99306, 1814
857, 0, 21, 693, 651, 179, 0.02%, 5, 0, 2, 68.65, 99687, 1815
862, 0, 21, 694, 652, 179, 0.02%, 5, 0, 2, 79.35, 100099, 1816
867, 0, 21, 698, 656, 179, 0.02%, 5, 0, 2, 87.89, 100569, 1818
872, 0, 21, 698, 656, 179, 0.02%, 5, 0, 2, 89.30, 101027, 1818
877, 0, 25, 698, 655, 182, 0.02%, 5, 0, 2, 90.19, 101483, 1818
882, 0, 25, 698, 655, 182, 0.02%, 5, 0, 2, 93.75, 101947, 1818
888, 0, 25, 698, 655, 182, 0.02%, 5, 0, 2, 108.81, 102518, 1818
893, 0, 26, 698, 654, 181, 0.02%, 5, 0, 2, 95.17, 102993, 1818
898, 0, 26, 698, 654, 181, 0.02%, 5, 0, 2, 104.55, 103558, 1818
903, 0, 27, 698, 653, 180, 0.02%, 5, 0, 2, 94.23, 104025, 1818
908, 0, 27, 698, 653, 180, 0.02%, 5, 0, 2, 115.73, 104644, 1818
913, 0, 28, 698, 652, 179, 0.02%, 5, 0, 2, 97.26, 105126, 1818
918, 0, 28, 698, 652, 179, 0.02%, 5, 0, 2, 107.11, 105690, 1818
923, 0, 29, 698, 651, 178, 0.02%, 5, 0, 2, 90.14, 106143, 1818
929, 0, 29, 698, 651, 178, 0.02%, 5, 0, 2, 102.61, 106658, 1818
934, 0, 73, 699, 651, 177, 0.02%, 5, 0, 2, 87.74, 107115, 1819
939, 0, 73, 699, 651, 177, 0.02%, 5, 0, 2, 83.40, 107534, 1819
944, 0, 76, 699, 650, 177, 0.02%, 5, 0, 2, 86.98, 107987, 1819
949, 0, 76, 703, 654, 177, 0.02%, 5, 0, 2, 83.18, 108409, 1819
954, 0, 76, 706, 657, 177, 0.02%, 5, 0, 2, 83.45, 108827, 1819
959, 0, 76, 706, 657, 177, 0.02%, 5, 0, 2, 85.66, 109270, 1819
964, 0, 76, 706, 657, 177, 0.02%, 5, 0, 2, 84.90, 109698, 1819
970, 0, 76, 706, 657, 177, 0.02%, 5, 0, 2, 84.28, 110129, 1819
975, 0, 76, 706, 657, 177, 0.02%, 5, 0, 2, 85.01, 110564, 1819
980, 0, 76, 706, 657, 177, 0.02%, 5, 0, 2, 83.99, 110991, 1819
985, 0, 76, 706, 657, 177, 0.02%, 5, 0, 2, 85.37, 111425, 1819
990, 0, 76, 706, 657, 177, 0.02%, 5, 0, 2, 84.37, 111856, 1819
995, 0, 76, 706, 657, 177, 0.02%, 5, 0, 2, 84.27, 112287, 1819
1000, 0, 76, 706, 657, 177, 0.02%, 5, 0, 2, 84.48, 112720, 1819
1005, 0, 76, 706, 657, 177, 0.02%, 5, 0, 2, 84.23, 113152, 1819
1010, 0, 76, 706, 657, 177, 0.02%, 5, 0, 2, 84.80, 113587, 1819
1016, 0, 76, 706, 657, 177, 0.02%, 5, 0, 2, 84.66, 114023, 1819
1021, 0, 76, 706, 657, 177, 0.02%, 5, 0, 2, 84.65, 114456, 1819
1026, 0, 76, 706, 657, 177, 0.02%, 5, 0, 2, 84.65, 114892, 1819
1031, 0, 76, 706, 657, 177, 0.02%, 5, 0, 2, 84.62, 115325, 1819
1036, 0, 76, 706, 657, 177, 0.02%, 5, 0, 2, 84.61, 115759, 1819
1041, 0, 76, 706, 657, 177, 0.02%, 5, 0, 2, 85.06, 116192, 1819
1046, 0, 76, 706, 657, 177, 0.02%, 5, 0, 2, 84.18, 116620, 1819
1051, 0, 76, 706, 657, 177, 0.02%, 5, 0, 2, 84.46, 117053, 1819
1057, 0, 76, 706, 657, 177, 0.02%, 5, 0, 2, 83.96, 117483, 1819
1062, 0, 76, 706, 657, 177, 0.02%, 5, 0, 2, 83.91, 117915, 1819
1067, 0, 76, 706, 657, 177, 0.02%, 5, 0, 2, 84.24, 118343, 1819
1072, 0, 76, 706, 657, 177, 0.02%, 5, 0, 2, 83.56, 118773, 1819
1077, 0, 76, 706, 657, 177, 0.02%, 5, 0, 2, 84.94, 119209, 1819
1082, 0, 76, 706, 657, 177, 0.02%, 5, 0, 2, 84.84, 119646, 1819
1087, 0, 76, 706, 657, 177, 0.02%, 5, 0, 2, 83.78, 120076, 1819
1092, 0, 76, 706, 657, 177, 0.02%, 5, 0, 2, 83.04, 120502, 1819
1098, 0, 76, 706, 657, 177, 0.02%, 5, 0, 2, 83.38, 120928, 1819
1103, 0, 76, 706, 657, 177, 0.02%, 5, 0, 2, 83.56, 121355, 1819
1108, 0, 76, 706, 657, 177, 0.02%, 5, 0, 2, 81.45, 121773, 1819
1113, 0, 76, 706, 657, 177, 0.02%, 5, 0, 2, 84.09, 122206, 1819
1118, 0, 76, 706, 657, 177, 0.02%, 5, 0, 2, 85.46, 122646, 1819
1123, 0, 76, 706, 657, 177, 0.02%, 5, 0, 2, 86.51, 123090, 1819
1128, 0, 76, 706, 657, 177, 0.02%, 5, 0, 2, 86.82, 123534, 1819
1133, 0, 76, 706, 657, 177, 0.02%, 5, 0, 2, 86.27, 123978, 1819
1138, 0, 76, 706, 657, 177, 0.02%, 5, 0, 2, 85.60, 124414, 1819
1144, 0, 76, 706, 657, 177, 0.02%, 5, 0, 2, 84.64, 124846, 1819
1149, 0, 76, 706, 657, 177, 0.02%, 5, 0, 2, 85.55, 125286, 1819
1154, 0, 76, 706, 657, 177, 0.02%, 5, 0, 2, 84.87, 125720, 1819
1159, 0, 76, 706, 657, 177, 0.02%, 5, 0, 2, 84.75, 126156, 1819
1164, 0, 76, 706, 657, 177, 0.02%, 5, 0, 2, 85.16, 126595, 1819
1169, 0, 76, 706, 657, 177, 0.02%, 5, 0, 2, 85.98, 127038, 1819
1174, 0, 76, 706, 657, 177, 0.02%, 5, 0, 2, 84.87, 127469, 1819
1179, 0, 76, 706, 657, 177, 0.02%, 5, 0, 2, 84.41, 127897, 1819
1185, 0, 76, 706, 657, 177, 0.02%, 5, 0, 2, 87.10, 128346, 1819
1190, 0, 76, 706, 657, 177, 0.02%, 5, 0, 2, 85.67, 128783, 1819
1195, 0, 76, 706, 657, 177, 0.02%, 5, 0, 2, 87.77, 129237, 1819
1200, 0, 76, 706, 657, 177, 0.02%, 5, 0, 2, 88.16, 129691, 1819
1205, 0, 76, 706, 657, 177, 0.02%, 5, 0, 2, 88.39, 130141, 1819
1210, 0, 76, 706, 657, 177, 0.02%, 5, 0, 2, 87.40, 130584, 1819
1215, 0, 76, 706, 657, 177, 0.02%, 5, 0, 2, 86.84, 131028, 1819
1220, 0, 76, 706, 657, 177, 0.02%, 5, 0, 2, 87.09, 131469, 1819
1226, 0, 76, 706, 657, 177, 0.02%, 5, 0, 2, 86.36, 131911, 1819
1231, 0, 76, 706, 657, 177, 0.02%, 5, 0, 2, 85.06, 132345, 1819
1236, 0, 76, 706, 657, 177, 0.02%, 5, 0, 2, 83.53, 132770, 1819
1241, 0, 76, 707, 658, 177, 0.02%, 5, 0, 2, 87.11, 133237, 1819
1246, 0, 90, 708, 658, 176, 0.02%, 5, 0, 2, 84.50, 133672, 1819
1251, 0, 90, 708, 658, 176, 0.02%, 5, 0, 2, 84.52, 134107, 1819
1256, 0, 90, 708, 658, 176, 0.02%, 5, 0, 2, 93.47, 134596, 1819
1262, 0, 91, 722, 671, 175, 0.02%, 5, 0, 2, 85.64, 135046, 1836
1267, 0, 91, 759, 708, 175, 0.02%, 5, 0, 2, 73.04, 135391, 1848
1272, 0, 91, 791, 740, 175, 0.02%, 5, 0, 2, 71.63, 135752, 1858
1278, 0, 91, 801, 750, 175, 0.02%, 5, 0, 2, 73.73, 136307, 1860
1283, 0, 91, 839, 788, 175, 0.02%, 5, 0, 2, 75.07, 136685, 1869
1288, 0, 91, 862, 811, 175, 0.02%, 5, 0, 2, 79.95, 137134, 1875
1293, 0, 91, 881, 830, 175, 0.02%, 5, 0, 2, 78.85, 137565, 1878
1298, 0, 91, 898, 847, 175, 0.02%, 5, 0, 2, 78.28, 138005, 1881
1303, 0, 91, 909, 858, 175, 0.02%, 5, 0, 2, 80.74, 138450, 1883
1310, 0, 91, 927, 876, 175, 0.02%, 5, 0, 2, 79.77, 138994, 1889
1318, 0, 91, 943, 892, 175, 0.02%, 5, 0, 2, 83.11, 139751, 1904
1323, 0, 91, 946, 895, 175, 0.02%, 5, 0, 2, 82.76, 140306, 1904
1333, 0, 91, 957, 906, 175, 0.02%, 5, 0, 2, 82.77, 141271, 1939
1342, 0, 91, 964, 913, 175, 0.02%, 5, 0, 2, 82.13, 142045, 1939
1350, 0, 91, 972, 921, 175, 0.02%, 5, 0, 2, 80.68, 142802, 1942
1358, 0, 91, 977, 926, 175, 0.02%, 5, 0, 2, 83.28, 143626, 1946
1366, 0, 91, 978, 927, 175, 0.02%, 5, 0, 2, 84.36, 144418, 1946
1371, 0, 94, 978, 927, 220, 0.02%, 5, 0, 2, 82.04, 144828, 1946
1376, 0, 94, 978, 927, 220, 0.02%, 5, 0, 2, 94.92, 145343, 1946
1382, 0, 95, 978, 926, 219, 0.02%, 5, 0, 2, 86.28, 145790, 1946
1387, 0, 95, 978, 926, 219, 0.02%, 5, 0, 2, 101.85, 146313, 1946
1392, 0, 100, 979, 926, 219, 0.02%, 6, 0, 2, 92.98, 146781, 1946
1397, 0, 100, 979, 926, 219, 0.02%, 6, 0, 2, 87.21, 147207, 1946
1402, 0, 100, 979, 926, 219, 0.02%, 6, 0, 2, 98.78, 147715, 1946
1407, 0, 118, 979, 925, 218, 0.02%, 6, 0, 2, 95.33, 148205, 1946
1412, 0, 118, 979, 925, 218, 0.02%, 6, 0, 2, 113.87, 148814, 1946
1417, 0, 123, 979, 924, 217, 0.02%, 6, 0, 2, 99.25, 149300, 1946
1422, 0, 123, 979, 924, 217, 0.02%, 6, 0, 2, 112.19, 149898, 1946
1428, 0, 172, 979, 922, 216, 0.02%, 6, 0, 2, 99.06, 150416, 1946
1433, 0, 172, 979, 922, 216, 0.02%, 6, 0, 2, 99.85, 150926, 1946
1438, 0, 185, 979, 920, 214, 0.02%, 6, 0, 2, 91.66, 151390, 1946
1443, 0, 189, 979, 919, 213, 0.02%, 6, 0, 2, 89.58, 151843, 1946
1448, 0, 190, 979, 918, 212, 0.02%, 6, 0, 2, 103.81, 152408, 1946
1453, 0, 190, 979, 918, 212, 0.02%, 6, 0, 2, 95.83, 152881, 1946
1458, 0, 199, 979, 916, 210, 0.02%, 6, 0, 2, 98.93, 153367, 1946
1464, 0, 199, 979, 916, 210, 0.02%, 6, 0, 2, 90.55, 153823, 1946
1469, 0, 200, 979, 915, 209, 0.02%, 6, 0, 2, 90.36, 154283, 1946
1470, 0, 201, 979, 915, 209, 0.02%, 6, 0, 2, 88.35, 154447, 1946
