# relative_time, cycles_done, cur_item, corpus_count, pending_total, pending_favs, map_size, saved_crashes, saved_hangs, max_depth, execs_per_sec, total_execs, edges_found
61, 0, 97, 310, 273, 28, 0.02%, 1, 0, 2, 93.95, 6018, 1561
66, 0, 97, 315, 278, 28, 0.02%, 1, 0, 2, 92.88, 6477, 1563
71, 0, 97, 322, 285, 28, 0.02%, 1, 0, 2, 98.51, 6976, 1569
76, 0, 97, 329, 292, 28, 0.02%, 1, 0, 2, 94.51, 7450, 1571
81, 0, 97, 334, 297, 28, 0.02%, 1, 0, 2, 97.17, 7944, 1575
87, 0, 97, 341, 304, 28, 0.02%, 1, 0, 2, 94.59, 8426, 1579
92, 0, 97, 347, 310, 28, 0.02%, 1, 0, 2, 95.33, 8904, 1594
97, 0, 97, 351, 314, 28, 0.02%, 1, 0, 2, 94.78, 9380, 1594
102, 0, 97, 355, 318, 28, 0.02%, 1, 0, 2, 93.73, 9872, 1598
107, 0, 97, 358, 321, 28, 0.02%, 1, 0, 2, 90.69, 10322, 1598
112, 0, 97, 361, 324, 28, 0.02%, 1, 0, 2, 103.90, 10667, 1606
117, 0, 97, 364, 327, 28, 0.02%, 1, 0, 2, 100.70, 11174, 1608
122, 0, 97, 369, 332, 28, 0.02%, 1, 0, 2, 99.41, 11674, 1610
127, 0, 97, 371, 334, 28, 0.02%, 1, 0, 2, 93.10, 12154, 1610
132, 0, 97, 374, 337, 28, 0.02%, 1, 0, 2, 86.71, 12579, 1613
137, 0, 97, 377, 340, 28, 0.02%, 1, 0, 2, 95.80, 13065, 1614
142, 0, 97, 379, 342, 28, 0.02%, 1, 0, 2, 97.09, 13569, 1615
147, 0, 97, 381, 344, 28, 0.02%, 1, 0, 2, 99.01, 14062, 1616
153, 0, 97, 383, 346, 28, 0.02%, 1, 0, 2, 95.70, 14554, 1617
158, 0, 97, 383, 346, 28, 0.02%, 1, 0, 2, 91.68, 15029, 1617
163, 0, 97, 385, 348, 28, 0.02%, 1, 0, 2, 90.08, 15486, 1617
168, 0, 97, 386, 349, 28, 0.02%, 1, 0, 2, 91.85, 15956, 1617
173, 0, 97, 400, 362, 27, 0.02%, 1, 0, 2, 86.66, 16394, 1633
178, 0, 97, 438, 400, 27, 0.02%, 1, 0, 2, 73.83, 16744, 1649
183, 0, 97, 480, 442, 27, 0.02%, 1, 0, 2, 68.72, 17086, 1708
189, 0, 97, 521, 483, 27, 0.02%, 1, 0, 2, 65.76, 17415, 1754
194, 0, 97, 561, 523, 27, 0.02%, 1, 0, 2, 64.42, 17738, 1790
199, 0, 576, 589, 551, 167, 0.02%, 1, 0, 2, 71.01, 18094, 1803
204, 0, 576, 589, 551, 167, 0.02%, 1, 0, 2, 84.15, 18549, 1803
209, 0, 576, 592, 554, 167, 0.02%, 1, 0, 2, 92.22, 19028, 1806
214, 0, 576, 593, 555, 167, 0.02%, 1, 0, 2, 97.38, 19536, 1807
219, 0, 576, 593, 555, 167, 0.02%, 1, 0, 2, 97.76, 20036, 1807
224, 0, 576, 593, 555, 167, 0.02%, 1, 0, 2, 98.05, 20538, 1807
230, 0, 576, 597, 559, 167, 0.02%, 1, 0, 2, 96.31, 21030, 1808
235, 0, 576, 597, 559, 167, 0.02%, 1, 0, 2, 95.86, 21523, 1808
240, 0, 576, 597, 559, 167, 0.02%, 1, 0, 2, 97.00, 22016, 1808
245, 0, 576, 599, 561, 167, 0.02%, 1, 0, 2, 95.93, 22501, 1809
250, 0, 576, 599, 561, 167, 0.02%, 1, 0, 2, 97.29, 23002, 1809
255, 0, 576, 599, 561, 167, 0.02%, 1, 0, 2, 96.42, 23497, 1809
260, 0, 576, 599, 561, 167, 0.02%, 1, 0, 2, 96.21, 23988, 1809
265, 0, 576, 599, 561, 167, 0.02%, 1, 0, 2, 95.54, 24478, 1809
270, 0, 576, 600, 562, 167, 0.02%, 1, 0, 2, 94.79, 24966, 1810
276, 0, 576, 600, 562, 167, 0.02%, 1, 0, 2, 95.73, 25456, 1810
281, 0, 576, 601, 563, 167, 0.02%, 1, 0, 2, 92.22, 25928, 1810
286, 0, 576, 601, 563, 167, 0.02%, 1, 0, 2, 93.89, 26412, 1810
291, 0, 576, 601, 563, 167, 0.02%, 1, 0, 2, 93.20, 26888, 1810
296, 0, 576, 601, 563, 167, 0.02%, 1, 0, 2, 95.14, 27380, 1810
301, 0, 576, 602, 564, 167, 0.02%, 1, 0, 2, 94.61, 27858, 1811
306, 0, 576, 602, 564, 167, 0.02%, 1, 0, 2, 94.30, 28339, 1811
311, 0, 576, 602, 564, 167, 0.02%, 1, 0, 2, 93.86, 28819, 1811
317, 0, 576, 602, 564, 167, 0.02%, 1, 0, 2, 95.41, 29304, 1811
322, 0, 576, 602, 564, 167, 0.02%, 1, 0, 2, 96.13, 29798, 1811
327, 0, 576, 602, 564, 167, 0.02%, 1, 0, 2, 94.74, 30279, 1811
332, 0, 576, 602, 564, 167, 0.02%, 1, 0, 2, 95.04, 30767, 1811
337, 0, 576, 602, 564, 167, 0.02%, 1, 0, 2, 96.36, 31257, 1811
342, 0, 576, 603, 565, 167, 0.02%, 1, 0, 2, 93.75, 31734, 1811
347, 0, 576, 604, 566, 167, 0.02%, 1, 0, 2, 94.52, 32217, 1812
352, 0, 576, 604, 566, 167, 0.02%, 2, 0, 2, 97.34, 32716, 1812
357, 0, 576, 604, 566, 167, 0.02%, 2, 0, 2, 96.02, 33207, 1812
363, 0, 576, 605, 567, 167, 0.02%, 2, 0, 2, 93.69, 33692, 1812
368, 0, 576, 607, 569, 167, 0.02%, 2, 0, 2, 94.65, 34185, 1813
373, 0, 576, 607, 569, 167, 0.02%, 2, 0, 2, 94.78, 34672, 1813
378, 0, 576, 609, 571, 167, 0.02%, 2, 0, 2, 97.59, 35175, 1814
383, 0, 181, 609, 570, 175, 0.02%, 2, 0, 2, 93.20, 35644, 1814
388, 0, 181, 609, 570, 175, 0.02%, 2, 0, 2, 95.31, 36123, 1814
393, 0, 164, 609, 569, 174, 0.02%, 2, 0, 2, 116.79, 36737, 1814
399, 0, 120, 609, 568, 173, 0.02%, 2, 0, 2, 121.56, 37350, 1814
404, 0, 455, 610, 568, 173, 0.02%, 2, 0, 3, 120.26, 37954, 1815
409, 0, 455, 617, 575, 173, 0.02%, 2, 0, 3, 115.26, 38542, 1817
414, 0, 455, 622, 580, 173, 0.02%, 2, 0, 3, 115.31, 39127, 1826
419, 0, 455, 623, 581, 173, 0.02%, 2, 0, 3, 115.00, 39728, 1826
424, 0, 455, 623, 581, 173, 0.02%, 2, 0, 3, 117.74, 40340, 1826
429, 0, 455, 625, 583, 173, 0.02%, 2, 0, 3, 118.59, 40938, 1827
434, 0, 455, 625, 583, 173, 0.02%, 2, 0, 3, 121.61, 41568, 1827
439, 0, 455, 628, 586, 173, 0.02%, 2, 0, 3, 120.24, 42165, 1827
444, 0, 455, 630, 588, 173, 0.02%, 2, 0, 3, 120.61, 42775, 1828
449, 0, 455, 633, 591, 173, 0.02%, 2, 0, 3, 120.98, 43378, 1828
455, 0, 455, 635, 593, 173, 0.02%, 2, 0, 3, 120.75, 43996, 1828
460, 0, 455, 636, 594, 173, 0.02%, 2, 0, 3, 121.64, 44605, 1829
465, 0, 455, 636, 594, 173, 0.02%, 2, 0, 3, 121.45, 45237, 1829
470, 0, 455, 636, 594, 173, 0.02%, 2, 0, 3, 124.49, 45861, 1829
475, 0, 455, 637, 595, 173, 0.02%, 2, 0, 3, 120.54, 46470, 1829
480, 0, 455, 637, 595, 173, 0.02%, 2, 0, 3, 122.64, 47106, 1829
485, 0, 455, 639, 597, 173, 0.02%, 2, 0, 3, 121.23, 47716, 1829
490, 0, 455, 639, 597, 173, 0.02%, 2, 0, 3, 120.55, 48344, 1829
495, 0, 455, 639, 597, 173, 0.02%, 2, 0, 3, 123.45, 48984, 1829
500, 0, 455, 639, 597, 173, 0.02%, 2, 0, 3, 124.20, 49604, 1829
506, 0, 455, 641, 599, 173, 0.02%, 2, 0, 3, 121.21, 50228, 1829
511, 0, 455, 642, 600, 173, 0.02%, 2, 0, 3, 123.11, 50847, 1829
516, 0, 455, 642, 600, 173, 0.02%, 2, 0, 3, 123.99, 51489, 1829
521, 0, 455, 643, 601, 173, 0.02%, 2, 0, 3, 125.09, 52116, 1829
526, 0, 455, 645, 603, 173, 0.02%, 2, 0, 3, 125.13, 52748, 1829
531, 0, 455, 646, 604, 173, 0.02%, 2, 0, 3, 126.91, 53403, 1829
536, 0, 455, 647, 605, 173, 0.02%, 2, 0, 3, 129.10, 54056, 1829
541, 0, 455, 648, 606, 173, 0.02%, 2, 0, 3, 126.98, 54713, 1829
546, 0, 558, 649, 606, 180, 0.02%, 2, 0, 3, 109.24, 55272, 1829
552, 0, 558, 649, 606, 180, 0.02%, 2, 0, 3, 88.68, 55709, 1829
557, 0, 558, 649, 606, 180, 0.02%, 2, 0, 3, 84.57, 56144, 1829
562, 0, 558, 650, 607, 180, 0.02%, 2, 0, 3, 90.93, 56599, 1829
567, 0, 353, 650, 606, 179, 0.02%, 2, 0, 3, 89.26, 57047, 1829
572, 0, 353, 650, 606, 179, 0.02%, 2, 0, 3, 91.97, 57519, 1829
577, 0, 626, 650, 605, 178, 0.02%, 2, 0, 3, 114.92, 58132, 1829
582, 0, 94, 650, 604, 177, 0.02%, 2, 0, 3, 103.93, 58677, 1829
587, 0, 94, 650, 604, 177, 0.02%, 2, 0, 3, 92.43, 59134, 1829
593, 0, 94, 650, 604, 177, 0.02%, 2, 0, 3, 84.69, 59563, 1829
598, 0, 94, 665, 619, 177, 0.02%, 2, 0, 3, 77.79, 59953, 1831
603, 0, 94, 679, 633, 177, 0.02%, 2, 0, 3, 78.47, 60356, 1837
608, 0, 94, 686, 640, 177, 0.02%, 2, 0, 3, 82.37, 60783, 1838
613, 0, 94, 693, 647, 177, 0.02%, 3, 0, 3, 82.60, 61211, 1843
618, 0, 94, 697, 651, 177, 0.02%, 3, 0, 3, 84.26, 61636, 1843
623, 0, 94, 700, 654, 177, 0.02%, 3, 0, 3, 84.68, 62065, 1844
629, 0, 94, 700, 654, 177, 0.02%, 4, 0, 3, 86.07, 62505, 1844
634, 0, 94, 702, 656, 177, 0.02%, 4, 0, 3, 84.59, 62937, 1844
639, 0, 94, 704, 658, 177, 0.02%, 5, 0, 3, 83.61, 63368, 1844
644, 0, 94, 704, 658, 177, 0.02%, 5, 0, 3, 84.89, 63806, 1844
649, 0, 94, 705, 659, 177, 0.02%, 5, 0, 3, 84.01, 64236, 1844
654, 0, 94, 705, 659, 177, 0.02%, 6, 0, 3, 84.83, 64677, 1844
659, 0, 94, 705, 659, 177, 0.02%, 6, 0, 3, 84.64, 65113, 1844
665, 0, 94, 707, 661, 177, 0.02%, 6, 0, 3, 84.91, 65552, 1844
670, 0, 94, 707, 661, 177, 0.02%, 6, 0, 3, 85.84, 65993, 1844
675, 0, 94, 707, 661, 177, 0.02%, 6, 0, 3, 86.01, 66438, 1844
680, 0, 94, 707, 661, 177, 0.02%, 8, 0, 3, 85.64, 66878, 1844
685, 0, 94, 707, 661, 177, 0.02%, 8, 0, 3, 86.17, 67322, 1844
690, 0, 94, 708, 662, 177, 0.02%, 9, 0, 3, 84.10, 67754, 1844
696, 0, 94, 709, 663, 177, 0.02%, 9, 0, 3, 85.15, 68193, 1844
701, 0, 94, 709, 663, 177, 0.02%, 9, 0, 3, 85.73, 68636, 1844
706, 0, 94, 709, 663, 177, 0.02%, 9, 0, 3, 85.48, 69074, 1844
711, 0, 94, 709, 663, 177, 0.02%, 9, 0, 3, 85.86, 69517, 1844
716, 0, 94, 710, 664, 177, 0.02%, 9, 0, 3, 86.61, 69964, 1845
721, 0, 94, 710, 664, 177, 0.02%, 9, 0, 3, 86.09, 70404, 1845
726, 0, 94, 710, 664, 177, 0.02%, 9, 0, 3, 84.96, 70839, 1845
732, 0, 94, 710, 664, 177, 0.02%, 9, 0, 3, 85.58, 71274, 1845
737, 0, 94, 711, 665, 177, 0.02%, 9, 0, 3, 84.43, 71709, 1845
742, 0, 94, 713, 667, 177, 0.02%, 9, 0, 3, 83.97, 72143, 1846
747, 0, 94, 713, 667, 177, 0.02%, 9, 0, 3, 94.66, 72626, 1846
752, 0, 166, 713, 666, 185, 0.02%, 9, 0, 3, 97.39, 73138, 1846
757, 0, 166, 713, 666, 185, 0.02%, 9, 0, 3, 98.46, 73630, 1846
762, 0, 600, 713, 665, 184, 0.02%, 9, 0, 3, 92.78, 74095, 1846
767, 0, 600, 714, 666, 184, 0.02%, 9, 0, 3, 92.99, 74564, 1847
772, 0, 713, 714, 665, 184, 0.02%, 9, 0, 3, 90.62, 75016, 1847
778, 0, 713, 714, 665, 184, 0.02%, 9, 0, 3, 93.56, 75491, 1847
783, 0, 100, 714, 664, 183, 0.02%, 9, 0, 3, 88.92, 75934, 1847
788, 0, 100, 714, 664, 183, 0.02%, 9, 0, 3, 84.95, 76371, 1847
793, 0, 100, 714, 664, 183, 0.02%, 9, 0, 3, 85.41, 76812, 1847
798, 0, 100, 714, 664, 183, 0.02%, 9, 0, 3, 81.01, 77222, 1847
803, 0, 100, 723, 673, 183, 0.02%, 9, 0, 3, 81.80, 77627, 1851
808, 0, 100, 726, 676, 183, 0.02%, 9, 0, 3, 84.13, 78065, 1851
813, 0, 100, 726, 676, 183, 0.02%, 9, 0, 3, 87.00, 78517, 1851
818, 0, 100, 726, 676, 183, 0.02%, 9, 0, 3, 88.02, 78966, 1851
824, 0, 100, 726, 676, 183, 0.02%, 9, 0, 3, 87.60, 79416, 1851
829, 0, 100, 726, 676, 183, 0.02%, 9, 0, 3, 85.85, 79856, 1851
834, 0, 100, 726, 676, 183, 0.02%, 9, 0, 3, 85.16, 80295, 1851
839, 0, 100, 727, 677, 183, 0.02%, 9, 0, 3, 85.25, 80732, 1851
844, 0, 100, 727, 677, 183, 0.02%, 9, 0, 3, 85.84, 81173, 1851
849, 0, 100, 727, 677, 183, 0.02%, 9, 0, 3, 85.58, 81610, 1851
854, 0, 100, 728, 678, 183, 0.02%, 9, 0, 3, 82.40, 82036, 1851
860, 0, 100, 729, 679, 183, 0.02%, 9, 0, 3, 82.59, 82461, 1851
865, 0, 100, 729, 679, 183, 0.02%, 10, 0, 3, 81.73, 82884, 1851
870, 0, 100, 729, 679, 183, 0.02%, 10, 0, 3, 84.55, 83321, 1851
875, 0, 100, 729, 679, 183, 0.02%, 10, 0, 3, 85.43, 83763, 1851
880, 0, 100, 729, 679, 183, 0.02%, 10, 0, 3, 86.70, 84208, 1851
885, 0, 100, 730, 680, 183, 0.02%, 10, 0, 3, 85.05, 84633, 1852
890, 0, 100, 730, 680, 183, 0.02%, 10, 0, 3, 87.25, 85079, 1852
895, 0, 100, 731, 681, 183, 0.02%, 10, 0, 3, 86.79, 85524, 1853
901, 0, 100, 731, 681, 183, 0.02%, 10, 0, 3, 86.94, 85969, 1853
906, 0, 100, 731, 681, 183, 0.02%, 10, 0, 3, 88.56, 86425, 1853
911, 0, 100, 731, 681, 183, 0.02%, 10, 0, 3, 86.65, 86872, 1853
916, 0, 100, 731, 681, 183, 0.02%, 10, 0, 3, 86.05, 87312, 1853
921, 0, 100, 731, 681, 183, 0.02%, 10, 0, 3, 88.89, 87766, 1853
926, 0, 100, 731, 681, 183, 0.02%, 11, 0, 3, 91.52, 88235, 1853
931, 0, 100, 731, 681, 183, 0.02%, 12, 0, 3, 90.78, 88697, 1853
936, 0, 100, 731, 681, 183, 0.02%, 12, 0, 3, 89.47, 89152, 1853
942, 0, 100, 731, 681, 183, 0.02%, 12, 0, 3, 88.43, 89607, 1853
947, 0, 100, 731, 681, 183, 0.02%, 12, 0, 3, 89.19, 90064, 1853
952, 0, 100, 731, 681, 183, 0.02%, 12, 0, 3, 90.18, 90528, 1853
957, 0, 100, 731, 681, 183, 0.02%, 12, 0, 3, 90.24, 90991, 1853
962, 0, 100, 731, 681, 183, 0.02%, 12, 0, 3, 90.98, 91457, 1853
967, 0, 100, 733, 683, 183, 0.02%, 12, 0, 3, 89.41, 91915, 1853
972, 0, 100, 733, 683, 183, 0.02%, 12, 0, 3, 88.21, 92370, 1853
977, 0, 100, 733, 683, 183, 0.02%, 12, 0, 3, 90.11, 92831, 1853
983, 0, 100, 733, 683, 183, 0.02%, 12, 0, 3, 90.45, 93291, 1853
988, 0, 100, 734, 684, 183, 0.02%, 12, 0, 3, 89.01, 93750, 1853
993, 0, 592, 734, 683, 187, 0.02%, 12, 0, 3, 109.47, 94320, 1853
998, 0, 592, 740, 689, 187, 0.02%, 12, 0, 3, 114.16, 94920, 1855
1003, 0, 592, 741, 690, 187, 0.02%, 12, 0, 3, 112.73, 95485, 1856
1008, 0, 592, 742, 691, 187, 0.02%, 12, 0, 3, 113.20, 96058, 1856
1013, 0, 592, 742, 691, 187, 0.02%, 12, 0, 3, 114.69, 96654, 1856
1018, 0, 592, 743, 692, 187, 0.02%, 12, 0, 3, 112.99, 97221, 1856
1024, 0, 592, 743, 692, 187, 0.02%, 12, 0, 3, 115.24, 97813, 1856
1029, 0, 592, 744, 693, 187, 0.02%, 12, 0, 3, 115.97, 98392, 1857
1034, 0, 592, 745, 694, 187, 0.02%, 12, 0, 3, 118.12, 99001, 1857
1039, 0, 592, 745, 694, 187, 0.02%, 12, 0, 3, 117.48, 99609, 1857
1044, 0, 592, 745, 694, 187, 0.02%, 12, 0, 3, 119.56, 100227, 1857
1049, 0, 592, 745, 694, 187, 0.02%, 12, 0, 3, 117.77, 100821, 1857
1054, 0, 592, 745, 694, 187, 0.02%, 12, 0, 3, 115.85, 101425, 1857
1059, 0, 592, 748, 697, 187, 0.02%, 12, 0, 3, 113.58, 101992, 1862
1064, 0, 592, 748, 697, 187, 0.02%, 12, 0, 3, 105.12, 102524, 1862
1069, 0, 592, 748, 697, 187, 0.02%, 12, 0, 3, 112.05, 103098, 1862
1075, 0, 592, 750, 699, 187, 0.02%, 12, 0, 3, 109.54, 103656, 1863
1080, 0, 592, 750, 699, 187, 0.02%, 12, 0, 3, 110.64, 104212, 1863
1085, 0, 592, 751, 700, 187, 0.02%, 12, 0, 3, 112.22, 104779, 1863
1090, 0, 592, 751, 700, 187, 0.02%, 12, 0, 3, 113.53, 105367, 1863
1095, 0, 592, 751, 700, 187, 0.02%, 12, 0, 3, 115.69, 105965, 1863
1100, 0, 592, 751, 700, 187, 0.02%, 12, 0, 3, 112.51, 106533, 1863
1105, 0, 592, 751, 700, 187, 0.02%, 12, 0, 3, 128.24, 107205, 1863
1110, 0, 592, 751, 700, 187, 0.02%, 12, 0, 3, 129.59, 107881, 1863
1116, 0, 592, 751, 700, 187, 0.02%, 12, 0, 3, 132.92, 108543, 1863
1121, 0, 592, 751, 700, 187, 0.02%, 12, 0, 3, 141.32, 109275, 1863
1126, 0, 592, 751, 700, 187, 0.02%, 12, 0, 3, 160.03, 110106, 1863
1131, 0, 592, 752, 701, 187, 0.02%, 12, 0, 3, 240.75, 111320, 1863
1136, 0, 752, 756, 703, 184, 0.02%, 12, 0, 5, 359.90, 113268, 1864
1141, 0, 752, 758, 705, 184, 0.02%, 12, 0, 5, 573.42, 116381, 1864
1147, 0, 752, 760, 707, 184, 0.02%, 12, 0, 5, 750.53, 120380, 1864
1152, 0, 752, 762, 709, 184, 0.02%, 12, 0, 5, 819.82, 124678, 1864
1157, 0, 760, 767, 713, 183, 0.02%, 12, 0, 6, 820.38, 128930, 1868
1162, 0, 760, 769, 715, 183, 0.02%, 12, 0, 6, 853.52, 133361, 1868
1167, 0, 760, 770, 716, 183, 0.02%, 12, 0, 6, 855.44, 137737, 1868
1171, 0, 760, 770, 716, 183, 0.02%, 13, 0, 6, 843.28, 140534, 1868
