# relative_time, cycles_done, cur_item, corpus_count, pending_total, pending_favs, map_size, saved_crashes, saved_hangs, max_depth, execs_per_sec, total_execs, edges_found
61, 0, 97, 368, 331, 27, 0.02%, 0, 0, 2, 211.02, 14593, 1634
66, 0, 97, 374, 337, 27, 0.02%, 0, 0, 2, 188.27, 15552, 1636
71, 0, 97, 377, 340, 27, 0.02%, 0, 0, 2, 188.84, 16494, 1637
76, 0, 97, 381, 344, 27, 0.02%, 0, 0, 2, 175.65, 17404, 1640
81, 0, 97, 385, 348, 27, 0.02%, 0, 0, 2, 189.19, 18365, 1643
86, 0, 97, 390, 353, 27, 0.02%, 0, 0, 2, 190.39, 19348, 1647
91, 0, 97, 391, 354, 27, 0.02%, 0, 0, 2, 190.91, 20330, 1647
97, 0, 97, 393, 356, 27, 0.02%, 0, 0, 2, 183.24, 21262, 1647
102, 0, 97, 395, 358, 27, 0.02%, 0, 0, 2, 182.59, 22182, 1647
107, 0, 97, 396, 359, 27, 0.02%, 0, 0, 2, 183.53, 23104, 1647
112, 0, 97, 396, 359, 27, 0.02%, 0, 0, 2, 177.21, 23989, 1647
117, 0, 97, 396, 359, 27, 0.02%, 0, 0, 2, 177.71, 24859, 1647
122, 0, 97, 396, 359, 27, 0.02%, 1, 0, 2, 191.48, 25822, 1647
127, 0, 97, 398, 361, 27, 0.02%, 1, 0, 2, 194.08, 26823, 1647
132, 0, 97, 402, 365, 27, 0.02%, 1, 0, 2, 194.44, 27790, 1649
137, 0, 97, 405, 368, 27, 0.02%, 1, 0, 2, 178.94, 28717, 1650
143, 0, 97, 411, 373, 26, 0.02%, 1, 0, 2, 166.12, 29581, 1651
148, 0, 97, 480, 442, 26, 0.02%, 1, 0, 2, 138.08, 30242, 1714
153, 0, 96, 525, 487, 155, 0.02%, 1, 0, 2, 155.85, 31013, 1773
158, 0, 96, 525, 487, 155, 0.02%, 1, 0, 2, 163.81, 31880, 1773
163, 0, 96, 533, 495, 155, 0.02%, 1, 0, 2, 161.28, 32685, 1773
168, 0, 96, 537, 499, 155, 0.02%, 1, 0, 2, 150.13, 33427, 1774
173, 0, 96, 538, 500, 155, 0.02%, 1, 0, 2, 153.46, 34190, 1774
178, 0, 96, 538, 500, 155, 0.02%, 1, 0, 2, 145.74, 34932, 1774
183, 0, 96, 539, 501, 155, 0.02%, 1, 0, 2, 139.70, 35665, 1776
189, 0, 96, 540, 502, 155, 0.02%, 1, 0, 2, 114.23, 36202, 1778
194, 0, 96, 541, 503, 155, 0.02%, 1, 0, 2, 112.39, 36747, 1778
199, 0, 96, 541, 503, 155, 0.02%, 1, 0, 2, 102.55, 37249, 1778
204, 0, 96, 541, 503, 155, 0.02%, 1, 0, 2, 103.40, 37769, 1778
209, 0, 96, 541, 503, 155, 0.02%, 1, 0, 2, 103.55, 38287, 1778
214, 0, 96, 541, 503, 155, 0.02%, 1, 0, 2, 107.62, 38827, 1778
219, 0, 96, 543, 505, 155, 0.02%, 1, 0, 2, 109.60, 39381, 1779
224, 0, 96, 543, 505, 155, 0.02%, 1, 0, 2, 111.17, 39943, 1779
229, 0, 96, 543, 505, 155, 0.02%, 1, 0, 2, 110.24, 40507, 1779
234, 0, 96, 544, 506, 155, 0.02%, 1, 0, 2, 109.68, 41062, 1779
239, 0, 96, 544, 506, 155, 0.02%, 1, 0, 2, 108.56, 41608, 1779
244, 0, 96, 544, 506, 155, 0.02%, 1, 0, 2, 108.90, 42154, 1779
249, 0, 96, 546, 508, 155, 0.02%, 1, 0, 2, 104.40, 42676, 1779
254, 0, 96, 547, 509, 155, 0.02%, 1, 0, 2, 105.53, 43211, 1779
259, 0, 96, 547, 509, 155, 0.02%, 1, 0, 2, 101.88, 43721, 1779
264, 0, 96, 547, 509, 155, 0.02%, 1, 0, 2, 96.88, 44198, 1779
269, 0, 96, 549, 511, 155, 0.02%, 1, 0, 2, 98.93, 44701, 1780
275, 0, 96, 549, 511, 155, 0.02%, 1, 0, 2, 98.09, 45207, 1780
280, 0, 96, 549, 511, 155, 0.02%, 1, 0, 2, 95.69, 45696, 1780
285, 0, 96, 549, 511, 155, 0.02%, 1, 0, 2, 97.71, 46190, 1780
290, 0, 96, 549, 511, 155, 0.02%, 1, 0, 2, 102.23, 46723, 1780
295, 0, 96, 549, 511, 155, 0.02%, 1, 0, 2, 103.32, 47243, 1780
300, 0, 96, 549, 511, 155, 0.02%, 1, 0, 2, 96.49, 47722, 1780
305, 0, 96, 549, 511, 155, 0.02%, 1, 0, 2, 89.26, 48173, 1780
310, 0, 96, 549, 511, 155, 0.02%, 1, 0, 2, 88.17, 48619, 1780
316, 0, 96, 549, 511, 155, 0.02%, 1, 0, 2, 89.39, 49080, 1780
321, 0, 96, 549, 511, 155, 0.02%, 1, 0, 2, 93.95, 49560, 1780
326, 0, 96, 551, 513, 155, 0.02%, 1, 0, 2, 99.60, 50079, 1780
331, 0, 96, 551, 513, 155, 0.02%, 1, 0, 2, 98.85, 50582, 1780
336, 0, 96, 551, 513, 155, 0.02%, 1, 0, 2, 96.43, 51074, 1780
341, 0, 96, 551, 513, 155, 0.02%, 1, 0, 2, 88.26, 51518, 1780
346, 0, 96, 551, 513, 155, 0.02%, 1, 0, 2, 87.49, 51949, 1780
351, 0, 96, 551, 513, 155, 0.02%, 1, 0, 2, 87.26, 52400, 1780
357, 0, 96, 552, 514, 155, 0.02%, 1, 0, 2, 84.47, 52833, 1781
362, 0, 96, 552, 514, 155, 0.02%, 1, 0, 2, 86.60, 53284, 1781
367, 0, 96, 552, 514, 155, 0.02%, 1, 0, 2, 91.46, 53760, 1781
372, 0, 96, 552, 514, 155, 0.02%, 1, 0, 2, 93.60, 54248, 1781
377, 0, 96, 552, 514, 155, 0.02%, 1, 0, 2, 91.42, 54713, 1781
382, 0, 96, 552, 514, 155, 0.02%, 1, 0, 2, 93.98, 55194, 1781
387, 0, 96, 553, 515, 155, 0.02%, 1, 0, 2, 93.83, 55679, 1781
392, 0, 96, 555, 517, 155, 0.02%, 1, 0, 2, 91.85, 56142, 1783
398, 0, 96, 555, 517, 155, 0.02%, 1, 0, 2, 91.79, 56613, 1783
403, 0, 96, 556, 518, 155, 0.02%, 1, 0, 2, 87.45, 57063, 1783
408, 0, 96, 556, 518, 155, 0.02%, 1, 0, 2, 86.63, 57508, 1783
413, 0, 96, 557, 519, 155, 0.02%, 1, 0, 2, 89.05, 57973, 1783
418, 0, 96, 557, 519, 155, 0.02%, 1, 0, 2, 87.08, 58420, 1783
423, 0, 96, 557, 519, 155, 0.02%, 1, 0, 2, 9.19, 58786, 1783
428, 0, 96, 557, 519, 155, 0.02%, 1, 0, 2, 89.26, 59219, 1783
434, 0, 96, 557, 519, 155, 0.02%, 1, 0, 2, 89.35, 59673, 1783
439, 0, 96, 557, 519, 155, 0.02%, 1, 0, 2, 89.61, 60137, 1783
444, 0, 96, 558, 520, 155, 0.02%, 1, 0, 2, 88.01, 60581, 1784
449, 0, 96, 558, 520, 155, 0.02%, 1, 0, 2, 87.35, 61022, 1784
454, 0, 96, 558, 520, 155, 0.02%, 1, 0, 2, 87.64, 61473, 1784
459, 0, 96, 558, 520, 155, 0.02%, 1, 0, 2, 89.14, 61931, 1784
464, 0, 96, 559, 521, 155, 0.02%, 1, 0, 2, 85.67, 62364, 1784
469, 0, 96, 559, 521, 155, 0.02%, 1, 0, 2, 84.98, 62802, 1784
474, 0, 96, 559, 521, 155, 0.02%, 1, 0, 2, 81.27, 63211, 1784
480, 0, 96, 559, 521, 155, 0.02%, 1, 0, 2, 82.77, 63639, 1784
485, 0, 96, 559, 521, 155, 0.02%, 1, 0, 2, 84.71, 64068, 1784
490, 0, 96, 559, 521, 155, 0.02%, 1, 0, 2, 88.37, 64519, 1784
495, 0, 96, 559, 521, 155, 0.02%, 1, 0, 2, 88.60, 64973, 1784
500, 0, 96, 562, 524, 155, 0.02%, 1, 0, 2, 90.63, 65443, 1785
505, 0, 441, 563, 524, 163, 0.02%, 1, 0, 2, 100.47, 65939, 1785
510, 0, 441, 571, 532, 163, 0.02%, 1, 0, 2, 105.48, 66491, 1788
515, 0, 441, 577, 538, 163, 0.02%, 1, 0, 2, 110.88, 67069, 1789
520, 0, 441, 582, 543, 163, 0.02%, 1, 0, 2, 114.04, 67646, 1790
525, 0, 441, 585, 546, 163, 0.02%, 1, 0, 2, 116.49, 68227, 1790
530, 0, 441, 586, 547, 163, 0.02%, 1, 0, 2, 120.32, 68839, 1790
535, 0, 441, 589, 550, 163, 0.02%, 1, 0, 2, 119.11, 69431, 1790
540, 0, 441, 591, 552, 163, 0.02%, 1, 0, 2, 120.16, 70033, 1790
546, 0, 441, 591, 552, 163, 0.02%, 1, 0, 2, 122.46, 70667, 1790
551, 0, 441, 593, 554, 163, 0.02%, 1, 0, 2, 120.24, 71271, 1791
556, 0, 441, 595, 556, 163, 0.02%, 1, 0, 2, 121.16, 71883, 1791
561, 0, 441, 596, 557, 163, 0.02%, 1, 0, 2, 122.02, 72494, 1791
566, 0, 441, 596, 557, 163, 0.02%, 1, 0, 2, 119.94, 73114, 1791
571, 0, 441, 597, 558, 163, 0.02%, 1, 0, 2, 118.24, 73705, 1791
576, 0, 441, 597, 558, 163, 0.02%, 1, 0, 2, 117.27, 74307, 1791
581, 0, 441, 597, 558, 163, 0.02%, 1, 0, 2, 117.60, 74899, 1791
586, 0, 441, 597, 558, 163, 0.02%, 1, 0, 2, 117.08, 75507, 1791
591, 0, 441, 597, 558, 163, 0.02%, 1, 0, 2, 117.04, 76095, 1791
597, 0, 441, 597, 558, 163, 0.02%, 1, 0, 2, 115.25, 76687, 1791
602, 0, 441, 597, 558, 163, 0.02%, 1, 0, 2, 114.19, 77261, 1791
607, 0, 441, 599, 560, 163, 0.02%, 1, 0, 2, 115.12, 77857, 1792
612, 0, 441, 600, 561, 163, 0.02%, 1, 0, 2, 115.28, 78432, 1793
617, 0, 441, 600, 561, 163, 0.02%, 1, 0, 2, 115.44, 79012, 1793
622, 0, 441, 600, 561, 163, 0.02%, 1, 0, 2, 116.01, 79614, 1793
627, 0, 441, 600, 561, 163, 0.02%, 1, 0, 2, 116.17, 80218, 1793
632, 0, 441, 600, 561, 163, 0.02%, 1, 0, 2, 115.78, 80818, 1793
638, 0, 441, 600, 561, 163, 0.02%, 1, 0, 2, 115.93, 81422, 1793
643, 0, 441, 602, 563, 163, 0.02%, 1, 0, 2, 115.00, 81996, 1793
648, 0, 441, 603, 564, 163, 0.02%, 1, 0, 2, 115.45, 82583, 1793
653, 0, 441, 604, 565, 163, 0.02%, 1, 0, 2, 116.97, 83192, 1793
658, 0, 441, 604, 565, 163, 0.02%, 1, 0, 2, 117.50, 83804, 1793
663, 0, 441, 605, 566, 163, 0.02%, 1, 0, 2, 117.39, 84413, 1794
668, 0, 441, 605, 566, 163, 0.02%, 1, 0, 2, 116.89, 85019, 1794
674, 0, 441, 606, 567, 163, 0.02%, 1, 0, 2, 116.78, 85626, 1794
679, 0, 441, 606, 567, 163, 0.02%, 1, 0, 2, 117.18, 86220, 1794
684, 0, 441, 606, 567, 163, 0.02%, 1, 0, 2, 116.84, 86822, 1794
689, 0, 441, 606, 567, 163, 0.02%, 1, 0, 2, 117.23, 87410, 1794
694, 0, 441, 606, 567, 163, 0.02%, 1, 0, 2, 118.22, 88018, 1794
699, 0, 441, 609, 570, 163, 0.02%, 1, 0, 2, 116.56, 88603, 1794
704, 0, 441, 610, 571, 163, 0.02%, 1, 0, 2, 116.39, 89198, 1794
709, 0, 441, 612, 573, 163, 0.02%, 1, 0, 2, 116.90, 89806, 1795
715, 0, 441, 612, 573, 163, 0.02%, 1, 0, 2, 118.11, 90420, 1795
720, 0, 441, 613, 574, 163, 0.02%, 1, 0, 2, 116.90, 91013, 1795
725, 0, 441, 613, 574, 163, 0.02%, 1, 0, 2, 117.28, 91621, 1795
730, 0, 441, 613, 574, 163, 0.02%, 1, 0, 2, 115.12, 92195, 1795
735, 0, 441, 614, 575, 163, 0.02%, 1, 0, 2, 115.64, 92780, 1795
740, 0, 441, 614, 575, 163, 0.02%, 1, 0, 2, 119.06, 93398, 1795
745, 0, 441, 614, 575, 163, 0.02%, 1, 0, 2, 122.88, 94034, 1795
750, 0, 441, 615, 576, 163, 0.02%, 1, 0, 2, 122.30, 94667, 1797
755, 0, 441, 615, 576, 163, 0.02%, 1, 0, 2, 124.48, 95293, 1797
761, 0, 441, 615, 576, 163, 0.02%, 1, 0, 2, 123.29, 95927, 1797
766, 0, 441, 615, 576, 163, 0.02%, 1, 0, 2, 123.83, 96571, 1797
771, 0, 441, 615, 576, 163, 0.02%, 1, 0, 2, 123.31, 97209, 1797
776, 0, 441, 616, 577, 163, 0.02%, 1, 0, 2, 122.15, 97844, 1797
781, 0, 441, 616, 577, 163, 0.02%, 1, 0, 2, 123.60, 98466, 1797
786, 0, 441, 616, 577, 163, 0.02%, 1, 0, 2, 123.66, 99110, 1797
792, 0, 441, 616, 577, 163, 0.02%, 1, 0, 2, 122.99, 99746, 1797
797, 0, 293, 616, 576, 170, 0.02%, 1, 0, 2, 103.19, 100246, 1797
802, 0, 293, 616, 576, 170, 0.02%, 1, 0, 2, 95.18, 100713, 1797
807, 0, 126, 616, 575, 169, 0.02%, 1, 0, 2, 97.60, 101225, 1797
812, 0, 126, 616, 575, 169, 0.02%, 1, 0, 2, 122.86, 101886, 1797
817, 0, 439, 616, 574, 168, 0.02%, 1, 0, 2, 101.91, 102380, 1797
822, 0, 439, 619, 577, 168, 0.02%, 1, 0, 2, 92.12, 102831, 1801
827, 0, 439, 625, 583, 168, 0.02%, 1, 0, 2, 93.87, 103309, 1803
832, 0, 439, 625, 583, 168, 0.02%, 1, 0, 2, 97.32, 103813, 1803
837, 0, 439, 625, 583, 168, 0.02%, 1, 0, 2, 99.81, 104327, 1803
843, 0, 439, 625, 583, 168, 0.02%, 1, 0, 2, 98.52, 104833, 1803
848, 0, 439, 626, 584, 168, 0.02%, 1, 0, 2, 99.60, 105335, 1803
853, 0, 439, 626, 584, 168, 0.02%, 1, 0, 2, 100.49, 105847, 1803
858, 0, 439, 627, 585, 168, 0.02%, 1, 0, 2, 96.66, 106345, 1803
863, 0, 439, 627, 585, 168, 0.02%, 1, 0, 2, 95.38, 106833, 1803
868, 0, 439, 627, 585, 168, 0.02%, 1, 0, 2, 95.42, 107322, 1803
873, 0, 439, 627, 585, 168, 0.02%, 1, 0, 2, 97.35, 107823, 1803
878, 0, 439, 627, 585, 168, 0.02%, 1, 0, 2, 99.38, 108331, 1803
883, 0, 439, 627, 585, 168, 0.02%, 1, 0, 2, 99.51, 108844, 1803
889, 0, 439, 628, 586, 168, 0.02%, 1, 0, 2, 97.62, 109342, 1803
894, 0, 439, 628, 586, 168, 0.02%, 1, 0, 2, 98.90, 109844, 1803
899, 0, 439, 628, 586, 168, 0.02%, 1, 0, 2, 99.19, 110349, 1803
904, 0, 439, 628, 586, 168, 0.02%, 1, 0, 2, 96.47, 110843, 1803
909, 0, 439, 628, 586, 168, 0.02%, 1, 0, 2, 96.54, 111336, 1803
914, 0, 439, 629, 587, 168, 0.02%, 1, 0, 2, 98.26, 111837, 1803
919, 0, 439, 629, 587, 168, 0.02%, 1, 0, 2, 98.00, 112339, 1803
924, 0, 439, 629, 587, 168, 0.02%, 1, 0, 2, 97.81, 112837, 1803
930, 0, 439, 630, 588, 168, 0.02%, 1, 0, 2, 96.81, 113339, 1803
935, 0, 439, 630, 588, 168, 0.02%, 1, 0, 2, 96.97, 113833, 1803
940, 0, 439, 630, 588, 168, 0.02%, 1, 0, 2, 96.78, 114328, 1803
945, 0, 439, 630, 588, 168, 0.02%, 1, 0, 2, 96.85, 114823, 1803
950, 0, 439, 632, 590, 168, 0.02%, 1, 0, 2, 97.35, 115322, 1803
955, 0, 439, 633, 591, 168, 0.02%, 1, 0, 2, 96.93, 115815, 1804
960, 0, 439, 633, 591, 168, 0.02%, 1, 0, 2, 97.94, 116315, 1804
965, 0, 439, 633, 591, 168, 0.02%, 1, 0, 2, 98.13, 116815, 1804
971, 0, 439, 634, 592, 168, 0.02%, 1, 0, 2, 97.75, 117317, 1804
976, 0, 439, 634, 592, 168, 0.02%, 1, 0, 2, 97.06, 117813, 1804
981, 0, 439, 634, 592, 168, 0.02%, 1, 0, 2, 96.83, 118307, 1804
986, 0, 439, 634, 592, 168, 0.02%, 1, 0, 2, 96.02, 118800, 1804
991, 0, 439, 634, 592, 168, 0.02%, 1, 0, 2, 96.94, 119294, 1804
996, 0, 439, 634, 592, 168, 0.02%, 1, 0, 2, 96.42, 119784, 1804
1001, 0, 439, 634, 592, 168, 0.02%, 1, 0, 2, 95.98, 120275, 1804
1006, 0, 439, 635, 593, 168, 0.02%, 1, 0, 2, 93.73, 120752, 1805
1011, 0, 439, 635, 593, 168, 0.02%, 1, 0, 2, 99.11, 121256, 1805
1017, 0, 439, 635, 593, 168, 0.02%, 1, 0, 2, 99.03, 121760, 1805
1022, 0, 439, 635, 593, 168, 0.02%, 1, 0, 2, 97.79, 122261, 1805
1027, 0, 439, 635, 593, 168, 0.02%, 1, 0, 2, 99.44, 122771, 1805
1032, 0, 439, 635, 593, 168, 0.02%, 1, 0, 2, 97.06, 123266, 1805
1037, 0, 439, 635, 593, 168, 0.02%, 1, 0, 2, 94.22, 123747, 1805
1042, 0, 439, 635, 593, 168, 0.02%, 1, 0, 2, 94.41, 124232, 1805
1047, 0, 439, 635, 593, 168, 0.02%, 1, 0, 2, 92.52, 124704, 1805
1052, 0, 439, 636, 594, 168, 0.02%, 1, 0, 2, 94.16, 125188, 1806
1057, 0, 439, 636, 594, 168, 0.02%, 1, 0, 2, 97.04, 125694, 1806
1063, 0, 439, 636, 594, 168, 0.02%, 1, 0, 2, 99.80, 126200, 1806
1068, 0, 439, 636, 594, 168, 0.02%, 1, 0, 2, 100.80, 126725, 1806
1073, 0, 439, 636, 594, 168, 0.02%, 1, 0, 2, 101.39, 127249, 1806
1078, 0, 439, 636, 594, 168, 0.02%, 1, 0, 2, 100.82, 127753, 1806
1083, 0, 439, 636, 594, 168, 0.02%, 1, 0, 2, 97.83, 128258, 1806
1088, 0, 439, 636, 594, 168, 0.02%, 1, 0, 2, 100.37, 128774, 1806
1094, 0, 439, 636, 594, 168, 0.02%, 1, 0, 2, 99.72, 129295, 1806
1099, 0, 439, 636, 594, 168, 0.02%, 1, 0, 2, 97.76, 129795, 1806
1104, 0, 439, 636, 594, 168, 0.02%, 1, 0, 2, 99.94, 130314, 1806
1109, 0, 439, 636, 594, 168, 0.02%, 1, 0, 2, 99.49, 130828, 1806
1114, 0, 439, 636, 594, 168, 0.02%, 1, 0, 2, 100.04, 131338, 1806
1119, 0, 439, 636, 594, 168, 0.02%, 1, 0, 2, 98.76, 131855, 1806
1124, 0, 439, 636, 594, 168, 0.02%, 1, 0, 2, 97.66, 132352, 1806
1130, 0, 439, 636, 594, 168, 0.02%, 1, 0, 2, 98.20, 132857, 1806
1135, 0, 439, 636, 594, 168, 0.02%, 1, 0, 2, 99.41, 133366, 1806
1140, 0, 439, 636, 594, 168, 0.02%, 1, 0, 2, 99.66, 133868, 1806
1145, 0, 439, 636, 594, 168, 0.02%, 1, 0, 2, 98.53, 134376, 1806
1150, 0, 439, 636, 594, 168, 0.02%, 1, 0, 2, 96.90, 134871, 1806
1155, 0, 439, 636, 594, 168, 0.02%, 1, 0, 2, 98.02, 135375, 1806
1160, 0, 439, 636, 594, 168, 0.02%, 1, 0, 2, 98.17, 135873, 1806
1165, 0, 368, 637, 594, 174, 0.02%, 1, 0, 2, 95.41, 136356, 1806
1170, 0, 368, 637, 594, 174, 0.02%, 1, 0, 2, 93.27, 136820, 1806
1176, 0, 346, 637, 593, 173, 0.02%, 1, 0, 2, 94.86, 137323, 1806
1181, 0, 272, 637, 592, 172, 0.02%, 1, 0, 2, 97.50, 137864, 1806
1186, 0, 272, 637, 592, 172, 0.02%, 1, 0, 2, 97.57, 138357, 1806
1191, 0, 272, 637, 592, 172, 0.02%, 1, 0, 2, 100.94, 138886, 1806
1196, 0, 497, 637, 591, 171, 0.02%, 1, 0, 2, 90.48, 139338, 1806
1202, 0, 497, 637, 591, 171, 0.02%, 1, 0, 2, 88.48, 139798, 1806
1207, 0, 497, 638, 592, 171, 0.02%, 1, 0, 2, 93.29, 140276, 1807
1212, 0, 497, 638, 592, 171, 0.02%, 1, 0, 2, 95.61, 140765, 1807
1217, 0, 76, 638, 591, 171, 0.02%, 1, 0, 2, 91.03, 141224, 1807
1222, 0, 76, 638, 591, 171, 0.02%, 1, 0, 2, 90.36, 141690, 1807
1227, 0, 76, 638, 591, 171, 0.02%, 1, 0, 2, 89.52, 142147, 1807
1232, 0, 76, 639, 592, 171, 0.02%, 1, 0, 2, 92.50, 142619, 1807
1237, 0, 76, 641, 594, 171, 0.02%, 1, 0, 2, 92.86, 143092, 1808
1243, 0, 76, 641, 594, 171, 0.02%, 1, 0, 2, 93.65, 143575, 1808
1248, 0, 76, 641, 594, 171, 0.02%, 1, 0, 2, 92.44, 144050, 1808
1253, 0, 76, 641, 594, 171, 0.02%, 1, 0, 2, 97.70, 144552, 1808
1258, 0, 264, 642, 594, 171, 0.02%, 1, 0, 2, 97.27, 145046, 1808
1263, 0, 264, 642, 594, 171, 0.02%, 1, 0, 2, 100.31, 145555, 1808
1268, 0, 264, 642, 594, 171, 0.02%, 1, 0, 2, 104.25, 146083, 1808
1273, 0, 260, 642, 593, 170, 0.02%, 1, 0, 2, 100.45, 146583, 1808
1278, 0, 260, 642, 593, 170, 0.02%, 1, 0, 2, 100.63, 147099, 1808
1283, 0, 578, 642, 592, 169, 0.02%, 1, 0, 2, 111.95, 147660, 1808
1289, 0, 578, 642, 592, 169, 0.02%, 1, 0, 2, 129.89, 148348, 1808
1294, 0, 94, 642, 591, 168, 0.02%, 1, 0, 2, 103.81, 148866, 1808
1299, 0, 94, 642, 591, 168, 0.02%, 1, 0, 2, 95.47, 149352, 1808
1304, 0, 94, 646, 595, 168, 0.02%, 1, 0, 2, 84.94, 149788, 1812
1309, 0, 94, 668, 617, 168, 0.02%, 2, 0, 2, 79.74, 150186, 1816
1314, 0, 94, 678, 627, 168, 0.02%, 3, 0, 2, 79.06, 150590, 1823
1319, 0, 94, 684, 633, 168, 0.02%, 4, 0, 2, 81.12, 151017, 1825
1325, 0, 94, 688, 637, 168, 0.02%, 4, 0, 2, 84.09, 151450, 1825
1330, 0, 94, 694, 643, 168, 0.02%, 4, 0, 2, 83.84, 151882, 1826
1335, 0, 94, 697, 646, 168, 0.02%, 4, 0, 2, 84.32, 152311, 1827
1340, 0, 94, 698, 647, 168, 0.02%, 4, 0, 2, 85.81, 152754, 1827
1345, 0, 94, 701, 650, 168, 0.02%, 5, 0, 2, 86.77, 153198, 1829
1350, 0, 94, 704, 653, 168, 0.02%, 5, 0, 2, 85.51, 153634, 1829
1355, 0, 94, 707, 656, 168, 0.02%, 5, 0, 2, 87.61, 154074, 1831
1360, 0, 94, 709, 658, 168, 0.02%, 5, 0, 2, 87.29, 154525, 1831
1366, 0, 94, 712, 661, 168, 0.02%, 5, 0, 2, 86.16, 154963, 1831
1371, 0, 94, 712, 661, 168, 0.02%, 6, 0, 2, 86.06, 155404, 1831
1376, 0, 94, 714, 663, 168, 0.02%, 6, 0, 2, 80.80, 155820, 1831
1381, 0, 94, 714, 663, 168, 0.02%, 6, 0, 2, 83.56, 156244, 1831
1386, 0, 94, 715, 664, 168, 0.02%, 6, 0, 2, 80.32, 156657, 1831
1391, 0, 94, 715, 664, 168, 0.02%, 6, 0, 2, 83.43, 157095, 1831
1396, 0, 94, 717, 666, 168, 0.02%, 6, 0, 2, 84.87, 157528, 1832
1402, 0, 94, 718, 667, 168, 0.02%, 6, 0, 2, 84.34, 157970, 1832
1407, 0, 94, 721, 670, 168, 0.02%, 6, 0, 2, 83.80, 158397, 1832
1412, 0, 94, 722, 671, 168, 0.02%, 6, 0, 2, 82.69, 158826, 1832
1417, 0, 94, 722, 671, 168, 0.02%, 7, 0, 2, 88.82, 159284, 1832
1422, 0, 94, 723, 672, 168, 0.02%, 7, 0, 2, 89.49, 159747, 1832
1427, 0, 94, 724, 673, 168, 0.02%, 7, 0, 2, 86.64, 160189, 1832
1432, 0, 94, 725, 674, 168, 0.02%, 7, 0, 2, 94.05, 160670, 1832
1436, 0, 94, 725, 674, 168, 0.02%, 7, 0, 2, 97.87, 161069, 1832
