# relative_time, cycles_done, cur_item, corpus_count, pending_total, pending_favs, map_size, saved_crashes, saved_hangs, max_depth, execs_per_sec, total_execs, edges_found
61, 0, 97, 380, 343, 31, 0.02%, 1, 0, 2, 246.63, 16381, 1621
66, 0, 97, 384, 347, 31, 0.02%, 1, 0, 2, 245.82, 17589, 1634
71, 0, 97, 387, 350, 31, 0.02%, 1, 0, 2, 223.65, 18714, 1635
76, 0, 97, 390, 353, 31, 0.02%, 1, 0, 2, 226.44, 19871, 1638
81, 0, 97, 392, 355, 31, 0.02%, 1, 0, 2, 207.90, 20877, 1638
86, 0, 97, 395, 358, 31, 0.02%, 1, 0, 2, 210.85, 21954, 1638
91, 0, 97, 396, 359, 31, 0.02%, 1, 0, 2, 186.12, 22874, 1639
96, 0, 97, 399, 362, 31, 0.02%, 1, 0, 2, 181.80, 23791, 1639
101, 0, 97, 401, 364, 31, 0.02%, 1, 0, 2, 183.44, 24720, 1640
107, 0, 97, 402, 365, 31, 0.02%, 1, 0, 2, 189.44, 25708, 1641
112, 0, 97, 403, 366, 31, 0.02%, 1, 0, 2, 194.26, 26729, 1641
117, 0, 97, 405, 368, 31, 0.02%, 1, 0, 2, 184.05, 27646, 1643
122, 0, 97, 407, 370, 31, 0.02%, 1, 0, 2, 189.47, 28623, 1646
127, 0, 97, 434, 396, 30, 0.02%, 1, 0, 2, 160.91, 29433, 1662
132, 0, 123, 509, 471, 158, 0.02%, 1, 0, 2, 135.79, 30078, 1752
137, 0, 175, 509, 470, 157, 0.02%, 1, 0, 2, 216.42, 31265, 1752
142, 0, 458, 509, 469, 156, 0.02%, 1, 0, 2, 200.94, 32331, 1752
148, 0, 458, 510, 470, 156, 0.02%, 1, 0, 2, 178.88, 33222, 1755
153, 0, 458, 515, 475, 156, 0.02%, 1, 0, 2, 180.42, 34127, 1759
158, 0, 458, 517, 477, 156, 0.02%, 1, 0, 2, 169.77, 35017, 1760
163, 0, 458, 519, 479, 156, 0.02%, 1, 0, 2, 148.98, 35737, 1764
168, 0, 458, 525, 485, 156, 0.02%, 2, 0, 2, 161.61, 36564, 1767
173, 0, 458, 526, 486, 156, 0.02%, 2, 0, 2, 171.75, 37426, 1768
178, 0, 458, 528, 488, 156, 0.02%, 2, 0, 2, 182.81, 38376, 1773
183, 0, 458, 532, 492, 156, 0.02%, 2, 0, 2, 182.78, 39295, 1777
188, 0, 458, 534, 494, 156, 0.02%, 2, 0, 2, 167.51, 40134, 1778
193, 0, 458, 536, 496, 156, 0.02%, 2, 0, 2, 131.76, 40768, 1779
198, 0, 458, 537, 497, 156, 0.02%, 2, 0, 2, 133.79, 41441, 1780
204, 0, 458, 537, 497, 156, 0.02%, 2, 0, 2, 119.84, 42035, 1780
209, 0, 458, 537, 497, 156, 0.02%, 2, 0, 2, 114.13, 42617, 1780
214, 0, 458, 540, 500, 156, 0.02%, 2, 0, 2, 111.40, 43176, 1782
219, 0, 458, 540, 500, 156, 0.02%, 2, 0, 2, 105.96, 43702, 1782
224, 0, 458, 541, 501, 156, 0.02%, 2, 0, 2, 106.15, 44231, 1783
229, 0, 458, 542, 502, 156, 0.02%, 2, 0, 2, 107.31, 44788, 1783
234, 0, 458, 543, 503, 156, 0.02%, 2, 0, 2, 105.02, 45321, 1783
239, 0, 458, 545, 505, 156, 0.02%, 2, 0, 2, 111.06, 45891, 1787
244, 0, 458, 546, 506, 156, 0.02%, 2, 0, 2, 115.16, 46478, 1788
249, 0, 458, 547, 507, 156, 0.02%, 2, 0, 2, 114.80, 47055, 1789
254, 0, 458, 548, 508, 156, 0.02%, 2, 0, 2, 114.96, 47638, 1789
260, 0, 458, 548, 508, 156, 0.02%, 2, 0, 2, 113.01, 48226, 1789
265, 0, 458, 548, 508, 156, 0.02%, 2, 0, 2, 113.71, 48818, 1789
270, 0, 458, 549, 509, 156, 0.02%, 2, 0, 2, 111.48, 49399, 1789
275, 0, 458, 550, 510, 156, 0.02%, 2, 0, 2, 109.62, 49944, 1792
280, 0, 458, 550, 510, 156, 0.02%, 2, 0, 2, 110.11, 50520, 1792
285, 0, 458, 550, 510, 156, 0.02%, 2, 0, 2, 97.04, 51008, 1792
291, 0, 458, 550, 510, 156, 0.02%, 2, 0, 2, 104.74, 51558, 1792
296, 0, 458, 550, 510, 156, 0.02%, 2, 0, 2, 102.85, 52090, 1792
301, 0, 458, 551, 511, 156, 0.02%, 2, 0, 2, 97.93, 52578, 1793
306, 0, 458, 552, 512, 156, 0.02%, 2, 0, 2, 98.01, 53078, 1794
311, 0, 458, 552, 512, 156, 0.02%, 2, 0, 2, 104.36, 53622, 1794
316, 0, 458, 553, 513, 156, 0.02%, 2, 0, 2, 106.17, 54155, 1795
321, 0, 458, 555, 515, 156, 0.02%, 2, 0, 2, 100.43, 54669, 1796
326, 0, 458, 556, 516, 156, 0.02%, 2, 0, 2, 93.71, 55146, 1797
332, 0, 458, 556, 516, 156, 0.02%, 2, 0, 2, 89.92, 55597, 1797
337, 0, 458, 556, 516, 156, 0.02%, 2, 0, 2, 93.96, 56089, 1797
342, 0, 458, 557, 517, 156, 0.02%, 2, 0, 2, 92.69, 56543, 1797
347, 0, 458, 557, 517, 156, 0.02%, 2, 0, 2, 102.41, 57086, 1797
352, 0, 458, 557, 517, 156, 0.02%, 2, 0, 2, 103.66, 57608, 1797
357, 0, 458, 558, 518, 156, 0.02%, 2, 0, 2, 105.01, 58133, 1797
362, 0, 280, 559, 518, 180, 0.02%, 2, 0, 2, 113.56, 58726, 1797
367, 0, 280, 560, 519, 180, 0.02%, 2, 0, 3, 113.88, 59282, 1797
372, 0, 280, 563, 522, 180, 0.02%, 2, 0, 3, 122.04, 59913, 1798
377, 0, 280, 566, 525, 180, 0.02%, 2, 0, 3, 118.30, 60528, 1801
383, 0, 280, 569, 528, 180, 0.02%, 2, 0, 3, 117.41, 61127, 1802
388, 0, 471, 569, 527, 183, 0.02%, 2, 0, 3, 103.58, 61657, 1802
393, 0, 471, 569, 527, 183, 0.02%, 2, 0, 3, 93.76, 62132, 1802
398, 0, 471, 570, 528, 183, 0.02%, 2, 0, 3, 98.83, 62642, 1802
403, 0, 335, 571, 528, 183, 0.02%, 2, 0, 3, 91.46, 63095, 1802
408, 0, 335, 571, 528, 183, 0.02%, 2, 0, 3, 93.40, 63585, 1802
413, 0, 335, 571, 528, 183, 0.02%, 2, 0, 3, 97.30, 64090, 1802
419, 0, 74, 572, 528, 182, 0.02%, 2, 0, 3, 91.66, 64570, 1802
424, 0, 74, 572, 528, 182, 0.02%, 2, 0, 3, 81.23, 64979, 1802
429, 0, 74, 572, 528, 182, 0.02%, 2, 0, 3, 83.62, 65400, 1802
434, 0, 74, 572, 528, 182, 0.02%, 2, 0, 3, 79.32, 65796, 1802
439, 0, 74, 572, 528, 182, 0.02%, 2, 0, 3, 77.28, 66194, 1802
444, 0, 74, 590, 546, 182, 0.02%, 2, 0, 3, 74.82, 66561, 1806
450, 0, 74, 597, 553, 182, 0.02%, 2, 0, 3, 82.26, 66871, 1808
455, 0, 74, 599, 555, 182, 0.02%, 2, 0, 3, 80.40, 67279, 1808
460, 0, 74, 604, 560, 182, 0.02%, 2, 0, 3, 81.81, 67701, 1810
465, 0, 74, 607, 563, 182, 0.02%, 2, 0, 3, 78.58, 68110, 1810
470, 0, 74, 609, 565, 182, 0.02%, 2, 0, 3, 81.65, 68527, 1811
475, 0, 74, 609, 565, 182, 0.02%, 2, 0, 3, 84.29, 68968, 1811
480, 0, 74, 610, 566, 182, 0.02%, 2, 0, 3, 85.21, 69405, 1811
485, 0, 74, 612, 568, 182, 0.02%, 2, 0, 3, 81.89, 69826, 1811
491, 0, 74, 613, 569, 182, 0.02%, 3, 0, 3, 83.49, 70245, 1811
496, 0, 74, 614, 570, 182, 0.02%, 3, 0, 3, 77.52, 70646, 1812
501, 0, 74, 615, 571, 182, 0.02%, 3, 0, 3, 78.17, 71046, 1813
506, 0, 74, 617, 573, 182, 0.02%, 3, 0, 3, 81.13, 71453, 1813
511, 0, 74, 617, 573, 182, 0.02%, 3, 0, 3, 83.96, 71889, 1813
516, 0, 74, 617, 573, 182, 0.02%, 3, 0, 3, 86.30, 72338, 1813
521, 0, 74, 618, 574, 182, 0.02%, 4, 0, 3, 84.13, 72771, 1813
527, 0, 74, 619, 575, 182, 0.02%, 4, 0, 3, 84.19, 73207, 1813
532, 0, 74, 620, 576, 182, 0.02%, 4, 0, 3, 83.57, 73636, 1814
537, 0, 74, 621, 577, 182, 0.02%, 4, 0, 3, 83.43, 74071, 1816
542, 0, 74, 623, 579, 182, 0.02%, 4, 0, 3, 82.31, 74490, 1816
547, 0, 74, 623, 579, 182, 0.02%, 4, 0, 3, 83.32, 74920, 1816
552, 0, 74, 623, 579, 182, 0.02%, 4, 0, 3, 85.45, 75358, 1816
557, 0, 74, 624, 580, 182, 0.02%, 5, 0, 3, 84.62, 75791, 1816
563, 0, 74, 624, 580, 182, 0.02%, 6, 0, 3, 83.67, 76220, 1816
568, 0, 74, 624, 580, 182, 0.02%, 6, 0, 3, 86.41, 76666, 1816
573, 0, 74, 626, 582, 182, 0.02%, 6, 0, 3, 85.75, 77091, 1816
578, 0, 74, 626, 582, 182, 0.02%, 6, 0, 3, 86.39, 77533, 1816
583, 0, 74, 626, 582, 182, 0.02%, 6, 0, 3, 85.90, 77975, 1816
588, 0, 74, 626, 582, 182, 0.02%, 6, 0, 3, 84.97, 78410, 1816
593, 0, 74, 626, 582, 182, 0.02%, 6, 0, 3, 83.09, 78837, 1816
598, 0, 74, 627, 583, 182, 0.02%, 7, 0, 3, 83.53, 79265, 1816
603, 0, 74, 628, 584, 182, 0.02%, 7, 0, 3, 83.16, 79682, 1816
608, 0, 74, 628, 584, 182, 0.02%, 7, 0, 3, 83.30, 80112, 1816
614, 0, 74, 629, 585, 182, 0.02%, 7, 0, 3, 82.15, 80533, 1816
619, 0, 74, 629, 585, 182, 0.02%, 7, 0, 3, 81.56, 80950, 1816
624, 0, 74, 629, 585, 182, 0.02%, 7, 0, 3, 81.54, 81372, 1816
629, 0, 74, 629, 585, 182, 0.02%, 7, 0, 3, 81.50, 81788, 1816
634, 0, 74, 629, 585, 182, 0.02%, 7, 0, 3, 82.42, 82212, 1816
639, 0, 74, 629, 585, 182, 0.02%, 7, 0, 3, 82.11, 82635, 1816
644, 0, 74, 629, 585, 182, 0.02%, 7, 0, 3, 81.20, 83056, 1816
650, 0, 74, 629, 585, 182, 0.02%, 8, 0, 3, 81.91, 83482, 1816
655, 0, 74, 629, 585, 182, 0.02%, 8, 0, 3, 81.24, 83899, 1816
660, 0, 74, 629, 585, 182, 0.02%, 8, 0, 3, 81.35, 84318, 1816
665, 0, 74, 629, 585, 182, 0.02%, 8, 0, 3, 82.12, 84740, 1816
670, 0, 74, 630, 586, 182, 0.02%, 8, 0, 3, 81.00, 85162, 1816
676, 0, 74, 632, 588, 182, 0.02%, 9, 0, 3, 82.25, 85598, 1816
681, 0, 74, 632, 588, 182, 0.02%, 9, 0, 3, 83.44, 86028, 1816
686, 0, 74, 632, 588, 182, 0.02%, 9, 0, 3, 83.62, 86459, 1816
691, 0, 74, 634, 590, 182, 0.02%, 10, 0, 3, 82.40, 86873, 1819
696, 0, 74, 634, 590, 182, 0.02%, 10, 0, 3, 83.19, 87300, 1819
701, 0, 74, 635, 591, 182, 0.02%, 10, 0, 3, 81.79, 87715, 1819
706, 0, 74, 635, 591, 182, 0.02%, 10, 0, 3, 82.28, 88139, 1819
711, 0, 74, 635, 591, 182, 0.02%, 10, 0, 3, 82.72, 88563, 1819
717, 0, 74, 635, 591, 182, 0.02%, 10, 0, 3, 83.04, 88987, 1819
722, 0, 74, 635, 591, 182, 0.02%, 10, 0, 3, 82.86, 89411, 1819
727, 0, 74, 635, 591, 182, 0.02%, 10, 0, 3, 83.15, 89837, 1819
732, 0, 74, 635, 591, 182, 0.02%, 10, 0, 3, 82.78, 90259, 1819
737, 0, 74, 636, 592, 182, 0.02%, 10, 0, 3, 81.43, 90679, 1820
742, 0, 74, 636, 592, 182, 0.02%, 10, 0, 3, 83.08, 91107, 1820
747, 0, 74, 637, 593, 182, 0.02%, 10, 0, 3, 84.06, 91527, 1820
752, 0, 74, 641, 597, 182, 0.02%, 10, 0, 3, 88.23, 91984, 1821
757, 0, 152, 641, 596, 190, 0.02%, 10, 0, 3, 93.09, 92463, 1821
763, 0, 152, 641, 596, 190, 0.02%, 10, 0, 3, 115.19, 93080, 1821
768, 0, 499, 641, 595, 189, 0.02%, 10, 0, 3, 98.55, 93584, 1821
773, 0, 499, 641, 595, 189, 0.02%, 10, 0, 3, 90.22, 94038, 1821
778, 0, 499, 641, 595, 189, 0.02%, 10, 0, 3, 84.92, 94463, 1821
783, 0, 499, 644, 598, 189, 0.02%, 10, 0, 3, 85.95, 94910, 1823
788, 0, 499, 644, 598, 189, 0.02%, 10, 0, 3, 88.13, 95361, 1823
793, 0, 499, 644, 598, 189, 0.02%, 10, 0, 3, 87.62, 95812, 1823
798, 0, 499, 644, 598, 189, 0.02%, 10, 0, 3, 89.60, 96273, 1823
804, 0, 499, 645, 599, 189, 0.02%, 10, 0, 3, 92.00, 96747, 1824
809, 0, 206, 645, 598, 191, 0.02%, 10, 0, 3, 89.50, 97193, 1824
814, 0, 206, 645, 598, 191, 0.02%, 10, 0, 3, 88.63, 97644, 1824
819, 0, 206, 646, 599, 191, 0.02%, 10, 0, 3, 92.00, 98125, 1824
824, 0, 217, 646, 598, 190, 0.02%, 10, 0, 3, 112.70, 98718, 1824
829, 0, 243, 646, 597, 189, 0.02%, 10, 0, 3, 114.73, 99331, 1824
834, 0, 243, 646, 597, 189, 0.02%, 10, 0, 3, 95.57, 99788, 1824
839, 0, 243, 646, 597, 189, 0.02%, 10, 0, 3, 98.84, 100294, 1824
845, 0, 229, 646, 596, 188, 0.02%, 10, 0, 3, 88.81, 100741, 1824
850, 0, 229, 646, 596, 188, 0.02%, 10, 0, 3, 92.02, 101213, 1824
855, 0, 229, 648, 598, 188, 0.02%, 10, 0, 3, 98.18, 101715, 1825
860, 0, 447, 648, 597, 188, 0.02%, 10, 0, 3, 113.51, 102279, 1825
865, 0, 447, 648, 597, 188, 0.02%, 10, 0, 3, 124.67, 102940, 1825
870, 0, 19, 649, 597, 187, 0.02%, 10, 0, 3, 104.03, 103475, 1825
875, 0, 19, 649, 597, 187, 0.02%, 10, 0, 3, 88.06, 103910, 1825
880, 0, 19, 649, 597, 187, 0.02%, 10, 0, 3, 86.23, 104354, 1825
886, 0, 19, 649, 597, 187, 0.02%, 10, 0, 3, 81.80, 104770, 1825
891, 0, 19, 664, 612, 187, 0.02%, 10, 0, 3, 76.94, 105149, 1827
896, 0, 19, 673, 621, 187, 0.02%, 10, 0, 3, 78.65, 105553, 1828
901, 0, 19, 680, 628, 187, 0.02%, 10, 0, 3, 80.17, 105962, 1829
906, 0, 19, 684, 632, 187, 0.02%, 10, 0, 3, 81.86, 106381, 1829
911, 0, 19, 687, 635, 187, 0.02%, 10, 0, 3, 81.99, 106806, 1832
916, 0, 19, 690, 638, 187, 0.02%, 10, 0, 3, 82.15, 107220, 1832
921, 0, 19, 692, 640, 187, 0.02%, 11, 0, 3, 84.22, 107650, 1832
926, 0, 19, 695, 643, 187, 0.02%, 11, 0, 3, 83.76, 108078, 1832
932, 0, 19, 697, 645, 187, 0.02%, 12, 0, 3, 83.11, 108507, 1833
937, 0, 19, 699, 647, 187, 0.02%, 12, 0, 3, 83.24, 108923, 1833
942, 0, 19, 701, 649, 187, 0.02%, 12, 0, 3, 82.67, 109347, 1833
947, 0, 19, 701, 649, 187, 0.02%, 12, 0, 3, 84.05, 109776, 1833
952, 0, 19, 702, 650, 187, 0.02%, 13, 0, 3, 83.13, 110198, 1835
957, 0, 19, 704, 652, 187, 0.02%, 13, 0, 3, 82.26, 110615, 1835
962, 0, 19, 704, 652, 187, 0.02%, 13, 0, 3, 83.20, 111043, 1835
967, 0, 19, 707, 655, 187, 0.02%, 14, 0, 3, 80.18, 111453, 1835
972, 0, 19, 707, 655, 187, 0.02%, 14, 0, 3, 82.84, 111881, 1835
978, 0, 19, 708, 656, 187, 0.02%, 14, 0, 3, 82.43, 112304, 1835
983, 0, 19, 710, 658, 187, 0.02%, 14, 0, 3, 82.65, 112729, 1836
988, 0, 19, 710, 658, 187, 0.02%, 14, 0, 3, 84.00, 113161, 1836
993, 0, 19, 711, 659, 187, 0.02%, 14, 0, 3, 81.94, 113581, 1836
998, 0, 19, 712, 660, 187, 0.02%, 14, 0, 3, 83.45, 114000, 1836
1003, 0, 19, 713, 661, 187, 0.02%, 14, 0, 3, 82.39, 114426, 1836
1008, 0, 19, 713, 661, 187, 0.02%, 14, 0, 3, 82.25, 114850, 1836
1013, 0, 19, 713, 661, 187, 0.02%, 14, 0, 3, 83.23, 115279, 1836
1019, 0, 19, 713, 661, 187, 0.02%, 14, 0, 3, 83.49, 115712, 1836
1024, 0, 19, 713, 661, 187, 0.02%, 14, 0, 3, 83.51, 116140, 1836
1029, 0, 19, 713, 661, 187, 0.02%, 15, 0, 3, 82.04, 116556, 1836
1034, 0, 19, 714, 662, 187, 0.02%, 15, 0, 3, 82.92, 116982, 1836
1039, 0, 19, 714, 662, 187, 0.02%, 15, 0, 3, 83.54, 117410, 1836
1044, 0, 19, 714, 662, 187, 0.02%, 16, 0, 3, 83.30, 117835, 1836
1049, 0, 19, 714, 662, 187, 0.02%, 16, 0, 3, 82.68, 118259, 1836
1054, 0, 19, 715, 663, 187, 0.02%, 16, 0, 3, 82.95, 118679, 1836
1060, 0, 19, 715, 663, 187, 0.02%, 16, 0, 3, 82.21, 119098, 1836
1065, 0, 19, 715, 663, 187, 0.02%, 16, 0, 3, 82.10, 119520, 1836
1070, 0, 19, 715, 663, 187, 0.02%, 16, 0, 3, 82.53, 119942, 1836
1075, 0, 19, 716, 664, 187, 0.02%, 16, 0, 3, 81.64, 120363, 1836
1080, 0, 19, 716, 664, 187, 0.02%, 16, 0, 3, 82.74, 120790, 1836
1085, 0, 19, 716, 664, 187, 0.02%, 16, 0, 3, 83.08, 121217, 1836
1090, 0, 19, 717, 665, 187, 0.02%, 16, 0, 3, 84.29, 121649, 1836
1096, 0, 19, 717, 665, 187, 0.02%, 16, 0, 3, 85.95, 122092, 1836
1101, 0, 19, 717, 665, 187, 0.02%, 16, 0, 3, 84.84, 122528, 1836
1106, 0, 19, 717, 665, 187, 0.02%, 16, 0, 3, 84.29, 122958, 1836
1111, 0, 19, 717, 665, 187, 0.02%, 16, 0, 3, 83.50, 123385, 1836
1116, 0, 19, 717, 665, 187, 0.02%, 16, 0, 3, 83.68, 123816, 1836
1121, 0, 19, 717, 665, 187, 0.02%, 16, 0, 3, 84.31, 124251, 1836
1126, 0, 19, 717, 665, 187, 0.02%, 16, 0, 3, 85.39, 124693, 1836
1132, 0, 19, 717, 665, 187, 0.02%, 16, 0, 3, 83.84, 125123, 1836
1137, 0, 19, 717, 665, 187, 0.02%, 16, 0, 3, 84.23, 125558, 1836
1142, 0, 19, 717, 665, 187, 0.02%, 16, 0, 3, 84.35, 125989, 1836
1147, 0, 19, 717, 665, 187, 0.02%, 16, 0, 3, 83.75, 126418, 1836
1152, 0, 19, 718, 666, 187, 0.02%, 16, 0, 3, 84.07, 126849, 1836
1157, 0, 19, 718, 666, 187, 0.02%, 16, 0, 3, 82.84, 127272, 1836
1162, 0, 19, 718, 666, 187, 0.02%, 16, 0, 3, 84.51, 127705, 1836
1167, 0, 19, 718, 666, 187, 0.02%, 16, 0, 3, 83.40, 128134, 1836
1173, 0, 19, 718, 666, 187, 0.02%, 16, 0, 3, 83.16, 128560, 1836
1178, 0, 19, 718, 666, 187, 0.02%, 16, 0, 3, 83.43, 128991, 1836
1183, 0, 19, 718, 666, 187, 0.02%, 16, 0, 3, 82.28, 129413, 1836
1188, 0, 19, 718, 666, 187, 0.02%, 16, 0, 3, 83.06, 129837, 1836
1193, 0, 19, 718, 666, 187, 0.02%, 16, 0, 3, 103.67, 130388, 1836
1198, 0, 317, 718, 665, 192, 0.02%, 16, 0, 3, 115.54, 130980, 1836
1203, 0, 298, 718, 664, 191, 0.02%, 16, 0, 3, 117.32, 131595, 1836
1208, 0, 298, 718, 664, 191, 0.02%, 16, 0, 3, 96.93, 132057, 1836
1213, 0, 298, 719, 665, 191, 0.02%, 16, 0, 3, 97.96, 132547, 1838
1218, 0, 298, 719, 665, 191, 0.02%, 16, 0, 3, 94.48, 133032, 1838
1224, 0, 276, 719, 664, 190, 0.02%, 16, 0, 3, 92.93, 133492, 1838
1229, 0, 276, 721, 666, 190, 0.02%, 16, 0, 3, 93.65, 133969, 1838
1234, 0, 276, 721, 666, 190, 0.02%, 16, 0, 3, 97.59, 134471, 1838
1239, 0, 276, 722, 667, 190, 0.02%, 16, 0, 3, 97.82, 134975, 1838
1244, 0, 276, 722, 667, 190, 0.02%, 16, 0, 3, 101.79, 135509, 1838
1249, 0, 276, 722, 667, 190, 0.02%, 16, 0, 3, 98.40, 136018, 1838
1254, 0, 191, 724, 668, 190, 0.02%, 16, 0, 3, 95.78, 136491, 1839
1260, 0, 191, 724, 668, 190, 0.02%, 16, 0, 3, 94.14, 136973, 1839
1265, 0, 191, 724, 668, 190, 0.02%, 16, 0, 3, 95.44, 137467, 1839
1270, 0, 100, 724, 667, 189, 0.02%, 16, 0, 3, 92.03, 137924, 1839
1275, 0, 100, 724, 667, 189, 0.02%, 16, 0, 3, 89.64, 138384, 1839
1280, 0, 100, 724, 667, 189, 0.02%, 16, 0, 3, 89.88, 138848, 1839
1285, 0, 100, 725, 668, 189, 0.02%, 16, 0, 3, 84.80, 139289, 1841
1290, 0, 100, 734, 677, 189, 0.02%, 16, 0, 3, 87.98, 139732, 1844
1295, 0, 100, 734, 677, 189, 0.02%, 16, 0, 3, 93.15, 140211, 1844
1301, 0, 100, 735, 678, 189, 0.02%, 16, 0, 3, 91.51, 140684, 1844
1306, 0, 100, 735, 678, 189, 0.02%, 16, 0, 3, 90.56, 141150, 1844
1311, 0, 100, 735, 678, 189, 0.02%, 16, 0, 3, 91.04, 141614, 1844
1316, 0, 100, 736, 679, 189, 0.02%, 16, 0, 3, 91.84, 142088, 1846
1321, 0, 100, 736, 679, 189, 0.02%, 16, 0, 3, 92.14, 142559, 1846
1326, 0, 100, 736, 679, 189, 0.02%, 16, 0, 3, 92.50, 143034, 1846
1331, 0, 100, 738, 681, 189, 0.02%, 16, 0, 3, 92.15, 143503, 1846
1336, 0, 100, 738, 681, 189, 0.02%, 16, 0, 3, 88.60, 143957, 1846
1342, 0, 100, 738, 681, 189, 0.02%, 16, 0, 3, 85.27, 144388, 1846
1347, 0, 100, 738, 681, 189, 0.02%, 16, 0, 3, 85.82, 144829, 1846
1352, 0, 100, 738, 681, 189, 0.02%, 16, 0, 3, 85.70, 145267, 1846
1357, 0, 100, 738, 681, 189, 0.02%, 17, 0, 3, 85.99, 145705, 1846
1362, 0, 100, 739, 682, 189, 0.02%, 17, 0, 3, 88.09, 146161, 1846
1367, 0, 100, 739, 682, 189, 0.02%, 17, 0, 3, 87.92, 146608, 1846
1372, 0, 100, 739, 682, 189, 0.02%, 17, 0, 3, 88.71, 147064, 1846
1377, 0, 100, 739, 682, 189, 0.02%, 17, 0, 3, 87.00, 147506, 1846
1383, 0, 100, 739, 682, 189, 0.02%, 17, 0, 3, 87.62, 147955, 1846
1388, 0, 100, 739, 682, 189, 0.02%, 17, 0, 3, 86.55, 148399, 1846
1393, 0, 100, 739, 682, 189, 0.02%, 17, 0, 3, 86.29, 148843, 1846
1398, 0, 100, 739, 682, 189, 0.02%, 17, 0, 3, 82.61, 149271, 1846
1403, 0, 100, 739, 682, 189, 0.02%, 18, 0, 3, 83.33, 149700, 1846
1408, 0, 100, 739, 682, 189, 0.02%, 18, 0, 3, 81.04, 150122, 1846
1413, 0, 100, 740, 683, 189, 0.02%, 18, 0, 3, 82.20, 150551, 1846
1419, 0, 100, 740, 683, 189, 0.02%, 18, 0, 3, 84.63, 150984, 1846
1424, 0, 100, 740, 683, 189, 0.02%, 18, 0, 3, 83.81, 151414, 1846
1429, 0, 100, 740, 683, 189, 0.02%, 18, 0, 3, 84.05, 151847, 1846
1434, 0, 100, 740, 683, 189, 0.02%, 18, 0, 3, 83.65, 152279, 1846
1439, 0, 100, 740, 683, 189, 0.02%, 18, 0, 3, 87.24, 152719, 1846
1444, 0, 100, 740, 683, 189, 0.02%, 18, 0, 3, 88.90, 153176, 1846
1449, 0, 100, 740, 683, 189, 0.02%, 18, 0, 3, 87.88, 153627, 1846
1454, 0, 100, 740, 683, 189, 0.02%, 18, 0, 3, 90.71, 154026, 1846
